12.133,30,364,33
B0,mixamorig_Hips,-1,0.9966409802436829,-0.08095908164978027,-0.01232018880546093,0,0.08107945322990417,0.9544014930725098,0.2873043119907379,0,-0.011501496657729149,-0.2873384356498718,0.9577605724334717,0,0.05374327674508095,1.536125659942627,-0.0939236581325531,1
B1,mixamorig_Spine,0,0.9929659962654114,-0.1059923991560936,-0.05276093631982803,0,0.11056573688983917,0.9895055890083313,0.09302225708961487,0,0.04234761744737625,-0.09820155799388885,0.9942652583122253,0,0,0.16157899796962738,-0.014773000031709671,1
B2,mixamorig_Spine1,1,0.9964482188224792,-0.06927840411663055,-0.04787138104438782,0,0.0751190260052681,0.9881955981254578,0.13351625204086304,0,0.03805649280548096,-0.1366380751132965,0.9898898601531982,0,0,0.1892949938774109,0,1
B3,mixamorig_Spine2,2,0.9964342713356018,-0.07054319232702255,-0.046286359429359436,0,0.07615374028682709,0.9881266951560974,0.1334427148103714,0,0.036323294043540955,-0.13649168610572815,0.9899747967720032,0,0,0.21633799374103546,0,1
B4,mixamorig_Neck,3,0.999505877494812,-0.03072195313870907,0.006614689715206623,0,0.03122299537062645,0.9946879744529724,-0.098086416721344,0,-0.0035661475267261267,0.09824451059103012,0.9951560497283936,0,0,0.24337999522686005,0,1
B5,mixamorig_Head,4,0.9845398664474487,-0.14429448544979095,0.09930162131786346,0,0.17441187798976898,0.7551622986793518,-0.6319101452827454,0,0.016192292794585228,0.6394597291946411,0.7686535716056824,0,0,0.15806099772453308,0.021291999146342278,1
B6,mixamorig_HeadTop_End,5,1,0,0,0,0,1,0,0,0,0,1,0,0,0.3098770081996918,0.041742000728845596,1
B7,mixamorig_LeftShoulder,3,0.028406541794538498,0.037313252687454224,-0.9989000558853149,0,0.9771292209625244,-0.21171417832374573,0.019878994673490524,0,-0.21073950827121735,-0.9766190052032471,-0.04247394949197769,0,0.13107499480247498,0.2195959985256195,-0.0028830000665038824,1
B8,mixamorig_LeftArm,7,0.8583332300186157,0.41655972599983215,0.2995698153972626,0,-0.45824122428894043,0.3596969544887543,0.8127935528755188,0,0.2308226376771927,-0.8349226713180542,0.4996245801448822,0,0,0.25607699155807495,0,1
B9,mixamorig_LeftForeArm,8,-0.28806331753730774,0.9559460282325745,-0.05645955353975296,0,-0.9016060829162598,-0.25087684392929077,0.352374792098999,0,0.32268664240837097,0.15241040289402008,0.9341543912887573,0,0,0.394228994846344,0,1
B10,mixamorig_LeftHand,9,0.9814978241920471,-0.19004204869270325,0.023382918909192085,0,0.18921586871147156,0.9439532160758972,-0.27046144008636475,0,0.0293266624212265,0.2698817551136017,0.9624471664428711,0,0,0.34956198930740356,0,1
B11,mixamorig_LeftHandIndex1,10,0.9141980409622192,-0.14989401400089264,0.37652888894081116,0,0.05911698937416077,0.9684709906578064,0.2420090138912201,0,-0.400933176279068,-0.1989849954843521,0.8942360281944275,0,0,0.06191499903798103,0,1
B12,mixamorig_LeftHandIndex2,11,0.9849430322647095,-0.17280597984790802,-0.005108074750751257,0,0.16486087441444397,0.9477331042289734,-0.2731727957725525,0,0.05204692482948303,0.2682172358036041,0.961950957775116,0,0,0.016459999606013298,0,1
B13,mixamorig_LeftHandIndex3,12,0.9874199628829956,-0.05432702228426933,-0.148493230342865,0,0.15737596154212952,0.4286140501499176,0.8896758556365967,0,0.015312854200601578,-0.9018531441688538,0.4317719042301178,0,-0.0014830000000074506,0.023576000705361366,0.010765999555587769,1
B14,mixamorig_LeftHandIndex4,13,1,0,0,0,0,1,0,0,0,0,1,0,-0.00101500004529953,0.006810000166296959,-0.004865000024437904,1
B15,mixamorig_RightShoulder,3,-0.09355644881725311,0.002280749613419175,0.9956112504005432,0,-0.9678970575332642,-0.23452019691467285,-0.09041493386030197,0,0.23328493535518646,-0.9721089005470276,0.024148425087332726,0,-0.13107499480247498,0.21946699917316437,-0.0014769999543204904,1
B16,mixamorig_RightArm,15,0.8792476058006287,-0.4756951332092285,-0.025255637243390083,0,0.26852381229400635,0.45113739371299744,0.8510994911193848,0,-0.3934701085090637,-0.7551089525222778,0.5243968963623047,0,0,0.25607699155807495,0,1
B17,mixamorig_RightForeArm,16,-0.40233099460601807,-0.9145057201385498,0.04253940284252167,0,0.8567529320716858,-0.35973304510116577,0.3695480227470398,0,-0.3226509690284729,0.185126394033432,0.9282371997833252,0,0,0.39370399713516235,0,1
B18,mixamorig_RightHand,17,0.8956891894340515,0.4406537115573883,-0.0597071498632431,0,-0.44354817271232605,0.8757430911064148,-0.19062794744968414,0,-0.03171280026435852,0.19722647964954376,0.9798452854156494,0,0,0.34968000650405884,0,1
B19,mixamorig_RightHandIndex1,18,0.9531959295272827,0.13325077295303345,-0.2714051604270935,0,-0.06274422258138657,0.9652830362319946,0.25355881452560425,0,0.2957698106765747,-0.22466224431991577,0.9284650683403015,0,0,0.029978999868035316,0,1
B20,mixamorig_RightHandIndex2,19,0.972312867641449,0.22897131741046906,0.04668029397726059,0,-0.23367270827293396,0.9543981552124023,0.185799703001976,0,-0.0020087799057364464,-0.19156335294246674,0.9814778566360474,0,0,0.02031799964606762,0,1
B21,mixamorig_RightHandIndex3,20,0.9986900091171265,0.04684915393590927,-0.02060135267674923,0,-0.017885847017169,0.696649968624115,0.7171881198883057,0,0.04795157536864281,-0.7158798575401306,0.6965750455856323,0,-0.000018999999156221747,0.029631000012159348,0.006326000206172466,1
B22,mixamorig_RightHandIndex4,21,1,0,0,0,0,1,0,0,0,0,1,0,-0.0022299999836832285,0.02442299947142601,-0.010110000148415565,1
B23,mixamorig_LeftUpLeg,0,-0.9572268724441528,-0.0734349861741066,0.27986282110214233,0,0.25540879368782043,-0.6689393520355225,0.698058545589447,0,0.13594938814640045,0.739680290222168,0.6590830683708191,0,0.1705009937286377,-0.09342499822378159,0.0014019999653100967,1
B24,mixamorig_LeftLeg,23,0.9926073551177979,0.042104125022888184,0.11383286118507385,0,0.05182815343141556,0.7010425329208374,-0.711233913898468,0,-0.10974753648042679,0.7118755578994751,0.6936776041984558,0,0,0.7455189824104309,0,1
B25,mixamorig_LeftFoot,24,0.945643424987793,-0.08937188982963562,0.31268510222435,0,-0.312194287776947,0.019778341054916382,0.9498120546340942,0,-0.09107085317373276,-0.9958016872406006,-0.00919813197106123,0,0,0.7359690070152283,0,1
B26,mixamorig_LeftToeBase,25,0.99697345495224,0.07774162292480469,0.0007874415023252368,0,-0.07570938766002655,0.9685091376304626,0.23718729615211487,0,0.01767667569220066,-0.23652894794940948,0.9714632034301758,0,0,0.2858310043811798,0,1
B27,mixamorig_LeftToe_End,26,1,0,0,0,0,1,0,0,0,0,1,0,0,0.137580007314682,0,1
B28,mixamorig_RightUpLeg,0,-0.8833777904510498,-0.1440725326538086,-0.44596755504608154,0,-0.2046654373407364,-0.7374527454376221,0.6436423659324646,0,-0.4216109812259674,0.6598531603813171,0.6219624876976013,0,-0.1705009937286377,-0.09342499822378159,0.014719000086188316,1
B29,mixamorig_RightLeg,28,0.9876912236213684,-0.12336955219507217,-0.09615487605333328,0,0.027298137545585632,0.7412629127502441,-0.670659065246582,0,0.15401503443717957,0.6597794890403748,0.7355069518089294,0,0,0.7471349835395813,0,1
B30,mixamorig_RightFoot,29,0.9613924622535706,0.18452775478363037,-0.20414188504219055,0,0.19828736782073975,0.04984429478645325,0.9788760542869568,0,0.19080501794815063,-0.9815623164176941,0.011330404318869114,0,0,0.7454230189323425,0,1
B31,mixamorig_RightToeBase,30,0.9942660331726074,-0.10693596303462982,-2.474941709351697e-7,0,0.10469503700733185,0.9734299778938293,0.20364981889724731,0,-0.02177724801003933,-0.20248210430145264,0.9790440201759338,0,0,0.3230130076408386,0,1
B32,mixamorig_RightToe_End,31,1,0,0,0,0,1,0,0,0,0,1,0,0,0.13775800168514252,0,1
@28,0,1,2,3,4,5,7,8,9,10,11,12,13,15,16,17,18,19,20,21,23,24,25,26,28,29,30,31
K0,0.9992749691009521,0.0016849115490913391,0.03804735466837883,0,-0.011598087847232819,0.9650319814682007,0.2618758976459503,0,-0.03627564385533333,-0.2621270716190338,0.9643509984016418,0,-0.0007740000146441162,1.5201829671859741,-0.14815300703048706,1,0.9996860027313232,-0.015853015705943108,-0.01939290575683117,0,0.018038982525467873,0.9928140044212341,0.11830217391252518,0,0.017378097400069237,-0.11861483007669449,0.9927880167961121,0,0,0.16157899796962738,-0.014773000031709671,1,0.999794065952301,0.0017685253405943513,-0.02023504674434662,0,0.0013695250963792205,0.9880660176277161,0.15402302145957947,0,0.020265955477952957,-0.15401899814605713,0.9878600239753723,0,0,0.1892949938774109,0,1,0.9998189210891724,0.0011663708137348294,-0.018999697640538216,0,0.0017773709259927273,0.9880399703979492,0.15418507158756256,0,0.018952300772070885,-0.15419092774391174,0.9878590703010559,0,0,0.21633799374103546,0,1,0.9999240040779114,-0.005621838849037886,-0.010995171032845974,0,0.004282161593437195,0.9929710030555725,-0.11827801167964935,0,0.011582829989492893,0.11822199076414108,0.9929199814796448,0,0,0.24337999522686005,0,1,0.9974049925804138,-0.06585871428251266,-0.029093312099575996,0,0.028031282126903534,0.7274047136306763,-0.6856352686882019,0,0.06631768494844437,0.6830406188964844,0.7273633480072021,0,0,0.15806099772453308,0.021291999146342278,1,0.0024956651031970978,0.03521786257624626,-0.9993769526481628,0,0.9537200927734375,-0.30058231949806213,-0.008210880681872368,0,-0.3006840944290161,-0.9531048536300659,-0.034338030964136124,0,0.13107499480247498,0.2195959985256195,-0.0028830000665038824,1,0.8556700944900513,0.4602559506893158,0.23662778735160828,0,-0.4284901022911072,0.37366580963134766,0.8226600885391235,0,0.29021474719047546,-0.8053189516067505,0.5169501900672913,0,0,0.25607699155807495,0,1,-0.3141239881515503,0.94794100522995,-0.05228455364704132,0,-0.8924319744110107,-0.27604562044143677,0.3568800985813141,0,0.32386845350265503,0.15876504778862,0.9326857924461365,0,0,0.394228994846344,0,1,0.9595299959182739,-0.2800160050392151,0.029887277632951736,0,0.28006601333618164,0.9378050565719604,-0.20514798164367676,0,0.02941627986729145,0.20521605014801025,0.9782750010490417,0,0,0.34956198930740356,0,1,0.9141980409622192,-0.14989401400089264,0.37652888894081116,0,0.05911698937416077,0.9684709906578064,0.2420090138912201,0,-0.400933176279068,-0.1989849954843521,0.8942360281944275,0,0,0.06191499903798103,0,1,0.9849429726600647,-0.172806054353714,-0.005108064506202936,0,0.16486094892024994,0.9477331042289734,-0.2731727957725525,0,0.05204693600535393,0.2682172358036041,0.961950957775116,0,0,0.016459999606013298,0,1,0.9874200820922852,-0.05432674661278725,-0.1484937071800232,0,0.1573762595653534,0.42861407995224,0.8896758556365967,0,0.015313294716179371,-0.901853084564209,0.431771844625473,0,-0.0014830000000074506,0.023576000705361366,0.010765999555587769,1,-0.07406545430421829,0.008538426831364632,0.9972171187400818,0,-0.9904110431671143,-0.11756300181150436,-0.07255332171916962,0,0.116616390645504,-0.9930291175842285,0.01716388203203678,0,-0.13107499480247498,0.21946699917316437,-0.0014769999543204904,1,0.8936517834663391,-0.40670448541641235,-0.18967701494693756,0,0.32938051223754883,0.30738580226898193,0.89276123046875,0,-0.3047860264778137,-0.8602937459945679,0.4086564779281616,0,0,0.25607699155807495,0,1,-0.3768678307533264,-0.9250661134719849,0.04714946448802948,0,0.8684218525886536,-0.3351680636405945,0.36538422107696533,0,-0.32220157980918884,0.17864719033241272,0.929661750793457,0,0,0.39370399713516235,0,1,0.9342309832572937,0.34930500388145447,-0.0721006840467453,0,-0.35634201765060425,0.9227540493011475,-0.14678259193897247,0,0.015259316191077232,0.16282141208648682,0.9865379333496094,0,0,0.34968000650405884,0,1,0.9531959295272827,0.13325077295303345,-0.2714051604270935,0,-0.06274423003196716,0.9652830362319946,0.25355878472328186,0,0.2957698106765747,-0.22466221451759338,0.9284650683403015,0,0,0.029978999868035316,0,1,0.972312867641449,0.22897133231163025,0.046680252999067307,0,-0.23367269337177277,0.9543981552124023,0.18579967319965363,0,-0.002008746610954404,-0.19156332314014435,0.9814779162406921,0,0,0.02031799964606762,0,1,0.9986900091171265,0.04684896022081375,-0.02060088887810707,0,-0.017886042594909668,0.696649968624115,0.7171880602836609,0,0.0479511134326458,-0.7158798575401306,0.6965751051902771,0,-0.000018999999156221747,0.029631000012159348,0.006326000206172466,1,-0.959544837474823,-0.0379391647875309,0.27898821234703064,0,0.22653482854366302,-0.6924558877944946,0.6849720478057861,0,0.1671997755765915,0.7204619646072388,0.6730371117591858,0,0.1705009937286377,-0.09342499822378159,0.0014019999653100967,1,0.9890929460525513,0.043901823461055756,0.14060045778751373,0,0.06522482633590698,0.7253164052963257,-0.6853187084197998,0,-0.132066547870636,0.6870144009590149,0.7145416736602783,0,0,0.7455189824104309,0,1,0.9395380020141602,-0.11113631725311279,0.3239107131958008,0,-0.3154752850532532,0.08703912794589996,0.9449338316917419,0,-0.1332092136144638,-0.9899859428405762,0.04671575874090195,0,0,0.7359690070152283,0,1,0.9969630837440491,0.07788180559873581,0.00006987516098888591,0,-0.07572419941425323,0.9691330790519714,0.23461967706680298,0,0.01820487529039383,-0.23391231894493103,0.9720869064331055,0,0,0.2858310043811798,0,1,-0.8971830010414124,-0.1234118789434433,-0.4240669310092926,0,-0.2373208999633789,-0.6750630736351013,0.6985479593276978,0,-0.37248098850250244,0.7273651957511902,0.5763669013977051,0,-0.1705009937286377,-0.09342499822378159,0.014719000086188316,1,0.9853959679603577,-0.15754327178001404,-0.06461714953184128,0,0.05897572264075279,0.6717490553855896,-0.7384278774261475,0,0.1597408503293991,0.7238330245018005,0.6712300777435303,0,0,0.7471349835395813,0,1,0.9684298038482666,0.15388229489326477,-0.19612355530261993,0,0.19881829619407654,-0.0021693932358175516,0.9800339341163635,0,0.15038441121578217,-0.9880870580673218,-0.032695524394512177,0,0,0.7454230189323425,0,1,0.9942660331726074,-0.10693597048521042,0,0,0.10469503700733185,0.9734299182891846,0.2036493420600891,0,-0.02177722565829754,-0.20248167216777802,0.9790441393852234,0,0,0.3230130076408386,0,1
K0.033,0.9993039965629578,0.0023691144306212664,0.03723805397748947,0,-0.012102896347641945,0.964605987071991,0.2634190022945404,0,-0.03529593348503113,-0.26368600130081177,0.9639620184898376,0,-0.0015900075668469071,1.5196759700775146,-0.1501450091600418,1,0.9996929168701172,-0.014776070602238178,-0.0198991522192955,0,0.01706390455365181,0.992603063583374,0.12020072340965271,0,0.017975857481360435,-0.12050332129001617,0.9925499558448792,0,0,0.16157899796962738,-0.014773000031709671,1,0.9997829794883728,0.0027117596473544836,-0.020667385309934616,0,0.0005367419798858464,0.987824022769928,0.15557686984539032,0,0.02083762176334858,-0.1555541753768921,0.9876080751419067,0,0,0.1892949938774109,0,1,0.9998090267181396,0.002095983363687992,-0.01942429691553116,0,0.0009549658861942589,0.9877970814704895,0.1557425707578659,0,0.019513705745339394,-0.1557314246892929,0.987606942653656,0,0,0.21633799374103546,0,1,0.9999240040779114,-0.005810199771076441,-0.010849916376173496,0,0.004431807901710272,0.9923969507217407,-0.12300127744674683,0,0.01148208323866129,0.12294381111860275,0.992347002029419,0,0,0.24337999522686005,0,1,0.9973239898681641,-0.0678100660443306,-0.027333006262779236,0,0.030503973364830017,0.7256948351860046,-0.6873401403427124,0,0.06644397974014282,0.6846668720245361,0.7258211374282837,0,0,0.15806099772453308,0.021291999146342278,1,0.0029608572367578745,0.03551282733678818,-0.9993649125099182,0,0.9528669118881226,-0.30328384041786194,-0.007954264990985394,0,-0.3033737242221832,-0.9522380232810974,-0.034736908972263336,0,0.13107499480247498,0.2195959985256195,-0.0028830000665038824,1,0.8583132028579712,0.45484402775764465,0.23751844465732574,0,-0.4259249269962311,0.37338992953300476,0.8241161108016968,0,0.28615739941596985,-0.8085151314735413,0.5142151713371277,0,0,0.25607699155807495,0,1,-0.31837403774261475,0.9465609192848206,-0.051588669419288635,0,-0.8908607959747314,-0.2801494300365448,0.35760706663131714,0,0.32404428720474243,0.1598110944032669,0.9324462413787842,0,0,0.394228994846344,0,1,0.9606149792671204,-0.27530884742736816,0.03774391859769821,0,0.27723804116249084,0.9402449727058411,-0.19768069684505463,0,0.01893472857773304,0.20035918056964874,0.9795399904251099,0,0,0.34956198930740356,0,1,0.9141980409622192,-0.14989401400089264,0.37652888894081116,0,0.05911698937416077,0.9684709906578064,0.2420090138912201,0,-0.400933176279068,-0.1989849954843521,0.8942360281944275,0,0,0.06191499903798103,0,1,0.9849429726600647,-0.17280606925487518,-0.00510801188647747,0,0.16486094892024994,0.9477329254150391,-0.2731732726097107,0,0.052046988159418106,0.2682177722454071,0.9619510769844055,0,0,0.016459999606013298,0,1,0.9874200820922852,-0.05432674661278725,-0.1484937071800232,0,0.1573762595653534,0.42861407995224,0.8896758556365967,0,0.015313294716179371,-0.901853084564209,0.431771844625473,0,-0.0014830000000074506,0.023576000705361366,0.010765999555587769,1,-0.07550077140331268,0.009315598756074905,0.9971020221710205,0,-0.990513026714325,-0.11584687978029251,-0.07391957193613052,0,0.11482252180576324,-0.9932230114936829,0.01797378621995449,0,-0.13107499480247498,0.21946699917316437,-0.0014769999543204904,1,0.8943139910697937,-0.40411433577537537,-0.19207975268363953,0,0.3291036784648895,0.3032558560371399,0.894274115562439,0,-0.30313968658447266,-0.8629758954048157,0.4042014181613922,0,0,0.25607699155807495,0,1,-0.3773912489414215,-0.9248578548431396,0.047056518495082855,0,0.8681908249855042,-0.3356730341911316,0.3654702305793762,0,-0.32221242785453796,0.17877931892871857,0.9296332001686096,0,0,0.39370399713516235,0,1,0.935990035533905,0.3425787687301636,-0.081008180975914,0,-0.35126611590385437,0.9240180253982544,-0.15100476145744324,0,0.023121992126107216,0.16979438066482544,0.9852079153060913,0,0,0.34968000650405884,0,1,0.9531968832015991,0.1332503706216812,-0.27140527963638306,0,-0.06274361908435822,0.9652829766273499,0.2535591721534729,0,0.29576975107192993,-0.22466281056404114,0.9284651875495911,0,0,0.029978999868035316,0,1,0.9723130464553833,0.22897188365459442,0.046679865568876266,0,-0.2336731255054474,0.9543979167938232,0.1858002096414566,0,-0.00200813845731318,-0.19156377017498016,0.9814779758453369,0,0,0.02031799964606762,0,1,0.9986900091171265,0.04684896022081375,-0.02060088887810707,0,-0.017886042594909668,0.696649968624115,0.7171880602836609,0,0.0479511134326458,-0.7158798575401306,0.6965751051902771,0,-0.000018999999156221747,0.029631000012159348,0.006326000206172466,1,-0.9603720903396606,-0.038325127214193344,0.27607372403144836,0,0.22525286674499512,-0.6900821924209595,0.68778395652771,0,0.16415420174598694,0.7227151989936829,0.6713687181472778,0,0.1705009937286377,-0.09342499822378159,0.0014019999653100967,1,0.9890869855880737,0.043763089925050735,0.140683114528656,0,0.0654020830988884,0.7252128720283508,-0.6854121088981628,0,-0.13202089071273804,0.6871328949928284,0.7144360542297363,0,0,0.7455189824104309,0,1,0.9387670755386353,-0.11034311354160309,0.32640698552131653,0,-0.31779414415359497,0.08874619752168655,0.9439970254898071,0,-0.13313104212284088,-0.9899241328239441,0.048245642334222794,0,0,0.7359690070152283,0,1,0.9969630241394043,0.07788094878196716,0.00007283765444299206,0,-0.07572406530380249,0.9691330194473267,0.23462004959583282,0,0.018201837316155434,-0.23391297459602356,0.972087025642395,0,0,0.2858310043811798,0,1,-0.8976609706878662,-0.12433278560638428,-0.4227840304374695,0,-0.23712079226970673,-0.6723850965499878,0.7011939287185669,0,-0.37145498394966125,0.7296851277351379,0.5740918517112732,0,-0.1705009937286377,-0.09342499822378159,0.014719000086188316,1,0.9853670001029968,-0.157925084233284,-0.06412308663129807,0,0.05940692126750946,0.6708222031593323,-0.7392348647117615,0,0.15975889563560486,0.7246081829071045,0.6703878045082092,0,0,0.7471349835395813,0,1,0.9680910706520081,0.15333497524261475,-0.1982140988111496,0,0.2008579671382904,-0.001790350885130465,0.9796190857887268,0,0.14985495805740356,-0.9881731271743774,-0.03253176435828209,0,0,0.7454230189323425,0,1,0.9942660331726074,-0.1069360226392746,0,0,0.10469498485326767,0.9734299182891846,0.2036493569612503,0,-0.021777724847197533,-0.20248164236545563,0.9790441393852234,0,0,0.3230130076408386,0,1
K0.067,0.9993289709091187,0.002981418976560235,0.03649390861392021,0,-0.012548571452498436,0.9642081260681152,0.26485082507133484,0,-0.03439810499548912,-0.2651311755180359,0.9635989665985107,0,-0.002340992446988821,1.519171953201294,-0.1521269828081131,1,0.9997000098228455,-0.013668764382600784,-0.020341353490948677,0,0.01605425588786602,0.9923809766769409,0.12215606123209,0,0.01851663552224636,-0.12244588881731033,0.9923020005226135,0,0,0.16157899796962738,-0.014773000031709671,1,0.9997720122337341,0.0036548455245792866,-0.02104204148054123,0,-0.0003021367301698774,0.9875699877738953,0.15717807412147522,0,0.021354952827095985,-0.15713588893413544,0.9873459935188293,0,0,0.1892949938774109,0,1,0.9998000860214233,0.003027745522558689,-0.01978904753923416,0,0.0001237630203831941,0.987542986869812,0.15734799206256866,0,0.020018942654132843,-0.15731896460056305,0.9873450398445129,0,0,0.21633799374103546,0,1,0.9999229907989502,-0.006202310789376497,-0.010747912339866161,0,0.004778682254254818,0.9917939901351929,-0.1277550756931305,0,0.011452089063823223,0.12769384682178497,0.9917470216751099,0,0,0.24337999522686005,0,1,0.9972379803657532,-0.06967282295227051,-0.025722185149788857,0,0.03277812898159027,0.7236649394035339,-0.6893730163574219,0,0.0666448250412941,0.6866260170936584,0.7239500880241394,0,0,0.15806099772453308,0.021291999146342278,1,0.003294389694929123,0.03579658269882202,-0.9993540644645691,0,0.9518770575523376,-0.30638083815574646,-0.007836567237973213,0,-0.3064633905887604,-0.9512362480163574,-0.035083312541246414,0,0.13107499480247498,0.2195959985256195,-0.0028830000665038824,1,0.8608437180519104,0.44969531893730164,0.2381652295589447,0,-0.4234437048435211,0.3734690546989441,0.8253580927848816,0,0.2822122871875763,-0.811353862285614,0.5119190812110901,0,0,0.25607699155807495,0,1,-0.32259315252304077,0.9451689720153809,-0.05089174583554268,0,-0.8892790079116821,-0.28422364592552185,0.35832828283309937,0,0.32421624660491943,0.16085128486156464,0.9322078227996826,0,0,0.394228994846344,0,1,0.9615759253501892,-0.27065509557724,0.046017229557037354,0,0.2744170129299164,0.9425500631332397,-0.19051170349121094,0,0.008189419284462929,0.1958194077014923,0.9806059002876282,0,0,0.34956198930740356,0,1,0.9141980409622192,-0.14989401400089264,0.37652888894081116,0,0.05911698937416077,0.9684709906578064,0.2420090138912201,0,-0.400933176279068,-0.1989849954843521,0.8942360281944275,0,0,0.06191499903798103,0,1,0.9849430918693542,-0.1728055775165558,-0.005108081270009279,0,0.16486042737960815,0.9477329254150391,-0.2731732428073883,0,0.052046917378902435,0.2682178020477295,0.9619510769844055,0,0,0.016459999606013298,0,1,0.9874200820922852,-0.054326821118593216,-0.14849373698234558,0,0.15737618505954742,0.4286138415336609,0.8896750211715698,0,0.015313267707824707,-0.901853084564209,0.4317719638347626,0,-0.0014830000000074506,0.023576000705361366,0.010765999555587769,1,-0.07667704671621323,0.009995845146477222,0.9970059394836426,0,-0.9906250834465027,-0.11415265500545502,-0.07504188269376755,0,0.11306081712245941,-0.993412971496582,0.018655091524124146,0,-0.13107499480247498,0.21946699917316437,-0.0014769999543204904,1,0.8949491381645203,-0.40156787633895874,-0.1944466382265091,0,0.3288821578025818,0.2992410957813263,0.8957068920135498,0,-0.30150067806243896,-0.8655620813369751,0.3998740315437317,0,0,0.25607699155807495,0,1,-0.37786728143692017,-0.9246678352355957,0.04697246104478836,0,0.867979884147644,-0.3361319899559021,0.36554914712905884,0,-0.322222501039505,0.17890016734600067,0.9296061992645264,0,0,0.39370399713516235,0,1,0.9377100467681885,0.3356248736381531,-0.08975566178560257,0,-0.3460432291030884,0.9252589344978333,-0.15540282428264618,0,0.030890166759490967,0.17678207159042358,0.9837650060653687,0,0,0.34968000650405884,0,1,0.9531958699226379,0.13325026631355286,-0.2714052200317383,0,-0.06274372339248657,0.9652830958366394,0.2535587251186371,0,0.2957697808742523,-0.22466228902339935,0.9284650683403015,0,0,0.029978999868035316,0,1,0.9723129272460938,0.22897130250930786,0.046680696308612823,0,-0.23367270827293396,0.9543980360031128,0.18579910695552826,0,-0.002009303541854024,-0.19156289100646973,0.9814779758453369,0,0,0.02031799964606762,0,1,0.9986900091171265,0.04684896022081375,-0.02060088887810707,0,-0.017886042594909668,0.696649968624115,0.7171880602836609,0,0.0479511134326458,-0.7158798575401306,0.6965751051902771,0,-0.000018999999156221747,0.029631000012159348,0.006326000206172466,1,-0.9611390829086304,-0.03850805386900902,0.27336692810058594,0,0.22394998371601105,-0.6877837777137756,0.6905072927474976,0,0.16142714023590088,0.7248935699462891,0.6696792840957642,0,0.1705009937286377,-0.09342499822378159,0.0014019999653100967,1,0.9890970587730408,0.043925877660512924,0.1405641734600067,0,0.06522487848997116,0.7250951528549194,-0.6855528950691223,0,-0.13203582167625427,0.6872462034225464,0.714323878288269,0,0,0.7455189824104309,0,1,0.9380550384521484,-0.10972296446561813,0.3286549746990204,0,-0.3198559284210205,0.09045390784740448,0.9431390166282654,0,-0.13321204483509064,-0.9898379445075989,0.04975517466664314,0,0,0.7359690070152283,0,1,0.9969630241394043,0.07788114249706268,0.00007543434185208753,0,-0.07572485506534576,0.9691330194473267,0.23462095856666565,0,0.018199434503912926,-0.2339140772819519,0.972087025642395,0,0,0.2858310043811798,0,1,-0.8981112837791443,-0.12522853910923004,-0.4215618073940277,0,-0.23691855370998383,-0.6698170900344849,0.7037151455879211,0,-0.3704943358898163,0.7318899631500244,0.5719009637832642,0,-0.1705009937286377,-0.09342499822378159,0.014719000086188316,1,0.9853400588035583,-0.15827257931232452,-0.06367883086204529,0,0.05978741496801376,0.669941782951355,-0.7400022149085999,0,0.15978318452835083,0.7253466844558716,0.6695832014083862,0,0,0.7471349835395813,0,1,0.9677909016609192,0.15270188450813293,-0.2001582831144333,0,0.20275487005710602,-0.0014649953227490187,0.9792280197143555,0,0.14923672378063202,-0.9882709980010986,-0.03237885609269142,0,0,0.7454230189323425,0,1,0.9942660331726074,-0.1069360226392746,0,0,0.10469498485326767,0.9734299778938293,0.2036488801240921,0,-0.021777695044875145,-0.20248112082481384,0.9790439605712891,0,0,0.3230130076408386,0,1
K0.100,0.9993489980697632,0.0036439262330532074,0.03588786721229553,0,-0.013073073700070381,0.9638360142707825,0.26617392897605896,0,-0.03362013027071953,-0.2664700448513031,0.9632570147514343,0,-0.0030580000020563602,1.5186799764633179,-0.15407699346542358,1,0.9997079968452454,-0.012553984299302101,-0.02064487338066101,0,0.01502301637083292,0.9921489953994751,0.12415704131126404,0,0.018924128264188766,-0.12443095445632935,0.9920480251312256,0,0,0.16157899796962738,-0.014773000031709671,1,0.999763011932373,0.00458513293415308,-0.021303098648786545,0,-0.0011438671499490738,0.9873070120811462,0.15881900489330292,0,0.02176089957356453,-0.15875695645809174,0.9870779514312744,0,0,0.1892949938774109,0,1,0.9997910261154175,0.00394906010478735,-0.020039008930325508,0,-0.0007129401783458889,0.987280011177063,0.158991739153862,0,0.020411990582942963,-0.1589442938566208,0.987076997756958,0,0,0.21633799374103546,0,1,0.9999189972877502,-0.006902745924890041,-0.010714159347116947,0,0.005423254799097776,0.9911759495735168,-0.13244342803955078,0,0.01153383869677782,0.132374569773674,0.9911330342292786,0,0,0.24337999522686005,0,1,0.9971450567245483,-0.07147594541311264,-0.024343762546777725,0,0.03480805084109306,0.7212257981300354,-0.6918250322341919,0,0.06700623780488968,0.6890029311180115,0.7216551303863525,0,0,0.15806099772453308,0.021291999146342278,1,0.003525250358507037,0.03607720881700516,-0.9993430376052856,0,0.9507549405097961,-0.3098432421684265,-0.00783174205571413,0,-0.3099222481250763,-0.9501029253005981,-0.03539291024208069,0,0.13107499480247498,0.2195959985256195,-0.0028830000665038824,1,0.8632399439811707,0.4448222219944,0.2386416643857956,0,-0.4210869073867798,0.3738231360912323,0.826403021812439,0,0.2783926725387573,-0.8138731122016907,0.510007917881012,0,0,0.25607699155807495,0,1,-0.3268493413925171,0.9437428116798401,-0.05018501728773117,0,-0.887662947177887,-0.28833383321762085,0.3590523302555084,0,0.3243829011917114,0.16190335154533386,0.9319669604301453,0,0,0.394228994846344,0,1,0.9623610377311707,-0.2662438750267029,0.054549913853406906,0,0.27176210284233093,0.9446689486503601,-0.18370194733142853,0,-0.002622085390612483,0.19161207973957062,0.9814670085906982,0,0,0.34956198930740356,0,1,0.9141980409622192,-0.14989401400089264,0.37652888894081116,0,0.05911698937416077,0.9684709906578064,0.2420090138912201,0,-0.400933176279068,-0.1989849954843521,0.8942360281944275,0,0,0.06191499903798103,0,1,0.9849429726600647,-0.17280606925487518,-0.00510801188647747,0,0.16486094892024994,0.9477329254150391,-0.2731732726097107,0,0.052046988159418106,0.2682177722454071,0.9619510769844055,0,0,0.016459999606013298,0,1,0.9874200820922852,-0.05432674661278725,-0.1484937071800232,0,0.1573762595653534,0.42861407995224,0.8896758556365967,0,0.015313294716179371,-0.901853084564209,0.431771844625473,0,-0.0014830000000074506,0.023576000705361366,0.010765999555587769,1,-0.07743702083826065,0.010498983785510063,0.9969420433044434,0,-0.9907470345497131,-0.11259984225034714,-0.07576996833086014,0,0.11145999282598495,-0.9935849905014038,0.01912117935717106,0,-0.13107499480247498,0.21946699917316437,-0.0014769999543204904,1,0.8955668807029724,-0.39902618527412415,-0.19681918621063232,0,0.3287838101387024,0.29547592997550964,0.8969920873641968,0,-0.2997681498527527,-0.8680278658866882,0.3958120346069336,0,0,0.25607699155807495,0,1,-0.3784329891204834,-0.9244409203529358,0.04687156155705452,0,0.8677290081977844,-0.3366782069206238,0.36564168334007263,0,-0.3222334384918213,0.17904266715049744,0.9295743107795715,0,0,0.39370399713516235,0,1,0.9393590688705444,0.3285749852657318,-0.0982038676738739,0,-0.3407849669456482,0.9264009594917297,-0.16014915704727173,0,0.038355130702257156,0.18390384316444397,0.9821959733963013,0,0,0.34968000650405884,0,1,0.9531968235969543,0.13325031101703644,-0.2714053690433502,0,-0.06274368613958359,0.9652830958366394,0.2535587251186371,0,0.29576969146728516,-0.22466231882572174,0.9284650683403015,0,0,0.029978999868035316,0,1,0.972312867641449,0.22897130250930786,0.04668030887842178,0,-0.23367269337177277,0.9543980360031128,0.18580015003681183,0,-0.0020086881704628468,-0.19156381487846375,0.9814779758453369,0,0,0.02031799964606762,0,1,0.9986900091171265,0.046849168837070465,-0.020601388067007065,0,-0.017885832116007805,0.696649968624115,0.7171881198883057,0,0.04795160889625549,-0.7158798575401306,0.6965750455856323,0,-0.000018999999156221747,0.029631000012159348,0.006326000206172466,1,-0.9619221091270447,-0.038699790835380554,0.2705706059932709,0,0.22253721952438354,-0.6856430172920227,0.6930879354476929,0,0.1586923897266388,0.7269080877304077,0.6681468486785889,0,0.1705009937286377,-0.09342499822378159,0.0014019999653100967,1,0.9891079664230347,0.04413622245192528,0.1404174119234085,0,0.06498221307992935,0.7250400185585022,-0.6856340169906616,0,-0.13206958770751953,0.6872909665107727,0.714275062084198,0,0,0.7455189824104309,0,1,0.9372661709785461,-0.10931087285280228,0.3310348391532898,0,-0.3220328390598297,0.09220965206623077,0.9422270059585571,0,-0.13352017104625702,-0.9897209405899048,0.051223255693912506,0,0,0.7359690070152283,0,1,0.9969629645347595,0.07788044959306717,0.0000768761383369565,0,-0.0757245346903801,0.9691330194473267,0.23462089896202087,0,0.01819787360727787,-0.2339141070842743,0.9720869660377502,0,0,0.2858310043811798,0,1,-0.8985950946807861,-0.12591895461082458,-0.420322060585022,0,-0.2367909699678421,-0.6673071384429932,0.7061390280723572,0,-0.3693999946117401,0.7340610027313232,0.5698220133781433,0,-0.1705009937286377,-0.09342499822378159,0.014719000086188316,1,0.9853230118751526,-0.15852421522140503,-0.06331169605255127,0,0.06004481017589569,0.6690658926963806,-0.7407731413841248,0,0.1597903072834015,0.7260998487472534,0.6687650680541992,0,0,0.7471349835395813,0,1,0.9675129055976868,0.15202683210372925,-0.20200639963150024,0,0.20456184446811676,-0.001194845070131123,0.9788529872894287,0,0.14857061207294464,-0.9883760809898376,-0.03225493058562279,0,0,0.7454230189323425,0,1,0.9942660331726074,-0.1069360226392746,0,0,0.10469498485326767,0.9734299182891846,0.2036493569612503,0,-0.021777724847197533,-0.20248164236545563,0.9790441393852234,0,0,0.3230130076408386,0,1
K0.133,0.999358057975769,0.0044659883715212345,0.03554694354534149,0,-0.013814032077789307,0.9635109305381775,0.26731228828430176,0,-0.03305605426430702,-0.26763173937797546,0.9629541039466858,0,-0.003752006683498621,1.5182089805603027,-0.15602001547813416,1,0.9997209906578064,-0.011418042704463005,-0.020669931545853615,0,0.013938932679593563,0.9919009804725647,0.12624503672122955,0,0.01906106434762478,-0.1264980137348175,0.9917839765548706,0,0,0.16157899796962738,-0.014773000031709671,1,0.999756932258606,0.005504120606929064,-0.021342113614082336,0,-0.0020068984013050795,0.9870269894599915,0.16054193675518036,0,0.021948879584670067,-0.16046006977558136,0.9867979288101196,0,0,0.1892949938774109,0,1,0.9997870326042175,0.004866114817559719,-0.02006187103688717,0,-0.001578904571942985,0.986998975276947,0.16071690618991852,0,0.020583124831318855,-0.1606510877609253,0.9867969751358032,0,0,0.21633799374103546,0,1,0.9999090433120728,-0.008151021786034107,-0.010791915468871593,0,0.006597015541046858,0.990559995174408,-0.1369229108095169,0,0.011806092225015163,0.13683916628360748,0.9905229210853577,0,0,0.24337999522686005,0,1,0.997046947479248,-0.07314932346343994,-0.023378705605864525,0,0.03638970106840134,0.7181169390678406,-0.6949711441993713,0,0.06762529164552689,0.6920679211616516,0.7186579704284668,0,0,0.15806099772453308,0.021291999146342278,1,0.0036502834409475327,0.03636215999722481,-0.9993320107460022,0,0.9494761228561401,-0.31373971700668335,-0.007947719655930996,0,-0.31381916999816895,-0.9488130211830139,-0.03567022830247879,0,0.13107499480247498,0.2195959985256195,-0.0028830000665038824,1,0.8654109835624695,0.4404309391975403,0.23892313241958618,0,-0.41896501183509827,0.37451300024986267,0.8271690607070923,0,0.2748311161994934,-0.8159419894218445,0.508633017539978,0,0,0.25607699155807495,0,1,-0.33114519715309143,0.9422818422317505,-0.0494663342833519,0,-0.8860086798667908,-0.2924819886684418,0.35978150367736816,0,0.32454758882522583,0.16296754777431488,0.9317240118980408,0,0,0.394228994846344,0,1,0.9628949761390686,-0.26236510276794434,0.06323584169149399,0,0.2695528566837311,0.9464590549468994,-0.17764095962047577,0,-0.013243349269032478,0.18809500336647034,0.982062041759491,0,0,0.34956198930740356,0,1,0.9141980409622192,-0.14989401400089264,0.37652888894081116,0,0.05911698937416077,0.9684709906578064,0.2420090138912201,0,-0.400933176279068,-0.1989849954843521,0.8942360281944275,0,0,0.06191499903798103,0,1,0.9849429726600647,-0.17280611395835876,-0.005108564626425505,0,0.16486087441444397,0.9477331042289734,-0.2731728255748749,0,0.05204743519425392,0.26821717619895935,0.961950957775116,0,0,0.016459999606013298,0,1,0.9874200224876404,-0.05432642996311188,-0.1484941989183426,0,0.15737657248973846,0.42861407995224,0.8896757960319519,0,0.015313797630369663,-0.9018531441688538,0.43177178502082825,0,-0.0014830000000074506,0.023576000705361366,0.010765999555587769,1,-0.07730105519294739,0.010611053556203842,0.9969509840011597,0,-0.990900993347168,-0.11132210493087769,-0.07564710825681686,0,0.1101800799369812,-0.9937279224395752,0.01911984570324421,0,-0.13107499480247498,0.21946699917316437,-0.0014769999543204904,1,0.8962202668190002,-0.396358460187912,-0.19922514259815216,0,0.3288494646549225,0.2921796143054962,0.8980478644371033,0,-0.29773902893066406,-0.8703628778457642,0.39219915866851807,0,0,0.25607699155807495,0,1,-0.37926575541496277,-0.9241070747375488,0.0467233844101429,0,0.8673588633537292,-0.3374814987182617,0.3657797873020172,0,-0.3222516179084778,0.17925378680229187,0.9295282363891602,0,0,0.39370399713516235,0,1,0.9408950209617615,0.3217178285121918,-0.1058942899107933,0,-0.3356960415840149,0.9273380041122437,-0.16538703441619873,0,0.044991835951805115,0.19116009771823883,0.9805269837379456,0,0,0.34968000650405884,0,1,0.953196108341217,0.13325084745883942,-0.2714056968688965,0,-0.0627441480755806,0.9652830362319946,0.25355881452560425,0,0.2957703173160553,-0.2246621996164322,0.9284648895263672,0,0,0.029978999868035316,0,1,0.972312867641449,0.22897134721279144,0.04668019711971283,0,-0.23367266356945038,0.9543980360031128,0.18579916656017303,0,-0.0020088027231395245,-0.19156283140182495,0.9814779758453369,0,0,0.02031799964606762,0,1,0.9986900091171265,0.04684896022081375,-0.02060088887810707,0,-0.017886042594909668,0.696649968624115,0.7171880602836609,0,0.0479511134326458,-0.7158798575401306,0.6965751051902771,0,-0.000018999999156221747,0.029631000012159348,0.006326000206172466,1,-0.9627518653869629,-0.03896579146385193,0.2675629258155823,0,0.22093917429447174,-0.6838129162788391,0.6954039335250854,0,0.15586595237255096,0.7286161184310913,0.6669509410858154,0,0.1705009937286377,-0.09342499822378159,0.0014019999653100967,1,0.9891160130500793,0.044274624437093735,0.14031930267810822,0,0.06479062139987946,0.7251641750335693,-0.6855208873748779,0,-0.1321057230234146,0.6871511340141296,0.714402973651886,0,0,0.7455189824104309,0,1,0.9363130927085876,-0.10929197818040848,0.33372676372528076,0,-0.32447996735572815,0.09413094818592072,0.9411969184875488,0,-0.13427932560443878,-0.9895429611206055,0.052672989666461945,0,0,0.7359690070152283,0,1,0.9969629645347595,0.077879898250103,0.0000773380306782201,0,-0.07572410255670547,0.9691329598426819,0.23462136089801788,0,0.018197335302829742,-0.23391467332839966,0.9720870852470398,0,0,0.2858310043811798,0,1,-0.8991580605506897,-0.1262349635362625,-0.41902104020118713,0,-0.2368069738149643,-0.6648499965667725,0.7084469795227051,0,-0.36801695823669434,0.7362329959869385,0.5679119825363159,0,-0.1705009937286377,-0.09342499822378159,0.014719000086188316,1,0.9853219985961914,-0.158630833029747,-0.06306993216276169,0,0.06010415405035019,0.6681738495826721,-0.7415741086006165,0,0.15977805852890015,0.7268978357315063,0.6679001450538635,0,0,0.7471349835395813,0,1,0.9672829508781433,0.1512088030576706,-0.2037162035703659,0,0.20624783635139465,-0.001083933631889522,0.9784989356994629,0,0.1477367877960205,-0.9885009527206421,-0.03223494440317154,0,0,0.7454230189323425,0,1,0.9942660331726074,-0.10693596303462982,0,0,0.10469503700733185,0.9734299778938293,0.2036498486995697,0,-0.02177724987268448,-0.20248213410377502,0.9790440201759338,0,0,0.3230130076408386,0,1
