1.367,30,40,33
B0,mixamorig_Hips,-1,0.9934090375900269,0.023234868422150612,-0.11224224418401718,0,-0.01939135231077671,0.9991917610168457,0.03521440923213959,0,0.11296973377466202,-0.03280578553676605,0.9930567145347595,0,0.062255822122097015,1.510813593864441,0.011022879742085934,1
B1,mixamorig_Spine,0,0.9997668862342834,-0.0004227256868034601,0.021568501368165016,0,0.0024191548582166433,0.9956989288330078,-0.09262039512395859,0,-0.02143658883869648,0.09265101701021194,0.9954680800437927,0,0,0.17263300716876984,-0.017503000795841217,1
B2,mixamorig_Spine1,1,0.9989690184593201,-0.005881191231310368,0.045012157410383224,0,0.005137060768902302,0.9998484253883362,0.016629625111818314,0,-0.04510313272476196,-0.01638125069439411,0.9988477826118469,0,0,0.20243699848651886,0,1
B3,mixamorig_Spine2,2,0.9989690184593201,-0.005881191231310368,0.045012157410383224,0,0.005137060768902302,0.9998484253883362,0.016629625111818314,0,-0.04510313272476196,-0.01638125069439411,0.9988477826118469,0,0,0.23135699331760406,0,1
B4,mixamorig_Neck,3,0.9991658926010132,-0.03331642225384712,-0.023612666875123978,0,0.03630286082625389,0.9894806742668152,0.14003607630729675,0,0.01869877427816391,-0.14077645540237427,0.989864706993103,0,0,0.2602759897708893,0,1
B5,mixamorig_Head,4,0.997374951839447,0.07106395065784454,-0.013922452926635742,0,-0.07112957537174225,0.9974579215049744,-0.004277244675904512,0,0.01358309667557478,0.005256312433630228,0.9998937845230103,0,0,0.1511559933423996,0.0019759999122470617,1
B6,mixamorig_HeadTop_End,5,1,0,0,0,0,1,0,0,0,0,1,0,0,0.3024750053882599,0.00395399983972311,1
B7,mixamorig_LeftShoulder,3,0.2257384955883026,0.016351934522390366,-0.9740507006645203,0,0.8373957872390747,-0.5141809582710266,0.18543657660484314,0,-0.49780577421188354,-0.857525646686554,-0.1297634243965149,0,0.12603799998760223,0.22824600338935852,-0.004809999838471413,1
B8,mixamorig_LeftArm,7,0.9960706233978271,-0.05146845430135727,0.07206828147172928,0,0.00006317316001513973,0.8141936659812927,0.5805934071540833,0,-0.08855979144573212,-0.578307569026947,0.8109977841377258,0,0,0.2591420114040375,0,1
B9,mixamorig_LeftForeArm,8,0.5467798709869385,0.8286880850791931,-0.11961562186479568,0,-0.7790771126747131,0.5558874607086182,0.28987544775009155,0,0.30670908093452454,-0.06530825793743134,0.94955974817276,0,0,0.42149999737739563,0,1
B10,mixamorig_LeftHand,9,0.9832783341407776,0.02054406702518463,-0.18094636499881744,0,-0.03729793056845665,0.995271623134613,-0.0896802693605423,0,0.17824842035770416,0.09492959827184677,0.9793953895568848,0,0,0.35838401317596436,0,1
B11,mixamorig_LeftHandIndex1,10,0.7281812429428101,-0.37904423475265503,0.5710316896438599,0,-0.025957288220524788,0.8173060417175293,0.575619101524353,0,-0.684892475605011,-0.43397730588912964,0.585307776927948,0,0,0.028882000595331192,0,1
B12,mixamorig_LeftHandIndex2,11,0.7918323874473572,-0.5884340405464172,-0.16354583203792572,0,0.5451333522796631,0.5602214336395264,0.6236838102340698,0,-0.2753748893737793,-0.5830072164535522,0.7643764019012451,0,0,0.014773000031709671,0,1
B13,mixamorig_LeftHandIndex3,12,0.7789698839187622,-0.608406126499176,-0.15181683003902435,0,0.5520108938217163,0.5504822731018066,0.6263008713722229,0,-0.29747286438941956,-0.5716741681098938,0.7646560072898865,0,0.004189999774098396,0.02102000080049038,0.0016820000018924475,1
B14,mixamorig_LeftHandIndex4,13,1,0,0,0,0,1,0,0,0,0,1,0,-0.0049390001222491264,0.007519999984651804,-0.006014999933540821,1
B15,mixamorig_RightShoulder,3,0.03043893538415432,-0.043445099145174026,0.99859219789505,0,-0.8257589936256409,-0.5640231966972351,0.0006321159307844937,0,0.5632014274597168,-0.8246152997016907,-0.05304350331425667,0,-0.12603799998760223,0.22793200612068176,-0.0017170000355690718,1
B16,mixamorig_RightArm,15,0.9053201675415039,0.3725714683532715,0.20392680168151855,0,-0.40679293870925903,0.622546374797821,0.6685478687286377,0,0.12212792038917542,-0.6882054209709167,0.7151627540588379,0,0,0.2591420114040375,0,1
B17,mixamorig_RightForeArm,16,0.9172382950782776,-0.25696253776550293,0.3043757975101471,0,0.22636321187019348,0.9649860262870789,0.13252128660678864,0,-0.3277711868286133,-0.05265408754348755,0.9432884454727173,0,0,0.4207189977169037,0,1
B18,mixamorig_RightHand,17,0.9415075182914734,-0.19838130474090576,-0.27241191267967224,0,0.1840946227312088,0.9798633456230164,-0.07730982452630997,0,0.2822633385658264,0.022638216614723206,0.9590698480606079,0,0,0.3589490056037903,0,1
B19,mixamorig_RightHandIndex1,18,0.9542175531387329,0.29857388138771057,0.017941389232873917,0,-0.27245864272117615,0.8428710103034973,0.46404221653938293,0,0.12342862784862518,-0.447685569524765,0.8856315612792969,0,0,0.05530700087547302,0,1
B20,mixamorig_RightHandIndex2,19,0.8326606154441833,0.46735718846321106,0.29707661271095276,0,-0.3759880065917969,0.08324439823627472,0.9228782057762146,0,0.4065835475921631,-0.880141019821167,0.24503488838672638,0,0,0.008616999723017216,0,1
B21,mixamorig_RightHandIndex3,20,0.9968229532241821,0.034977130591869354,0.0715530589222908,0,-0.06843787431716919,0.8356940150260925,0.5449140667915344,0,-0.04073693975806236,-0.5480799674987793,0.8354330658912659,0,0.0017600000137463212,0.013079999946057796,-0.00483600003644824,1
B22,mixamorig_RightHandIndex4,21,1,0,0,0,0,1,0,0,0,0,1,0,0.0009899999713525176,0.004310999996960163,-0.005929000210016966,1
B23,mixamorig_LeftUpLeg,0,-0.9744883179664612,-0.10713367909193039,0.19721922278404236,0,0.08303287625312805,-0.9884624481201172,-0.12667657434940338,0,0.20851513743400574,-0.10706917941570282,0.9721408486366272,0,0.13043799996376038,-0.09577500075101852,-0.04069799929857254,1
B24,mixamorig_LeftLeg,23,0.91645747423172,-0.25883984565734863,-0.30513519048690796,0,0.08746450394392014,0.8737343549728394,-0.4784756600856781,0,0.3904556334018707,0.4118140637874603,0.823379635810852,0,0,0.70135498046875,0,1
B25,mixamorig_LeftFoot,24,0.9648509621620178,0.08054381608963013,0.25015151500701904,0,-0.25090232491493225,-0.0008234638953581452,0.9680120348930359,0,0.07817335426807404,-0.9967507123947144,0.019414104521274567,0,0,0.6600949764251709,0,1
B26,mixamorig_LeftToeBase,25,0.9349807500839233,-0.09472054988145828,0.3418169915676117,0,-0.15579554438591003,0.7560781836509705,0.6356675624847412,0,-0.31865131855010986,-0.6475907564163208,0.6921618580818176,0,0,0.32871800661087036,0,1
B27,mixamorig_LeftToe_End,26,1,0,0,0,0,1,0,0,0,0,1,0,0,0.1396699994802475,0,1
B28,mixamorig_RightUpLeg,0,-0.9895806312561035,0.05789443850517273,-0.13182656466960907,0,-0.12487450242042542,-0.8008684515953064,0.5856752991676331,0,-0.07166841626167297,0.5960349440574646,0.799753725528717,0,-0.13043799996376038,-0.09577500075101852,-0.031863998621702194,1
B29,mixamorig_RightLeg,28,0.9978585243225098,0.04664032906293869,-0.045859139412641525,0,-0.056677430868148804,0.9665130972862244,-0.2502787709236145,0,0.03265037760138512,0.25234201550483704,0.9670868515968323,0,0,0.7014639973640442,0,1
B30,mixamorig_RightFoot,29,0.9773476123809814,0.02590019442141056,-0.2100476622581482,0,0.20543597638607025,0.12241709977388382,0.9709843397140503,0,0.050862133502960205,-0.9921410083770752,0.11432328075170517,0,0,0.6606119871139526,0,1
B31,mixamorig_RightToeBase,30,0.9601072669029236,0.07104802131652832,-0.2704547941684723,0,0.10358663648366928,0.8080092668533325,0.5799924731254578,0,0.2597372233867645,-0.5848703980445862,0.7684157490730286,0,0,0.3293890058994293,0,1
B32,mixamorig_RightToe_End,31,1,0,0,0,0,1,0,0,0,0,1,0,0,0.1386989951133728,0,1
@28,0,1,2,3,4,5,7,8,9,10,11,12,13,15,16,17,18,19,20,21,23,24,25,26,28,29,30,31
K0,-0.997583270072937,-0.03014521673321724,0.06262373179197311,0,-0.03118591010570526,0.9993900060653687,-0.015706874430179596,0,-0.06211204454302788,-0.01762184128165245,-0.9979149103164673,0,-0.0005830384325236082,1.566074013710022,-0.03667444363236427,1,0.9999449253082275,0.00880499929189682,-0.005708713550120592,0,-0.009319000877439976,0.9952080249786377,-0.09733908623456955,0,0.0048242853954434395,0.0973869040608406,0.995235025882721,0,0,0.17263300716876984,-0.017503000795841217,1,0.9998890161514282,0.009922129102051258,-0.011081034317612648,0,-0.009846868924796581,0.9999279975891113,0.006825934164226055,0,0.011147966608405113,-0.0067160651087760925,0.9999150037765503,0,0,0.20243699848651886,0,1,0.9998890161514282,0.009922129102051258,-0.011081034317612648,0,-0.009846868924796581,0.9999279975891113,0.006825934164226055,0,0.011147966608405113,-0.0067160651087760925,0.9999150037765503,0,0,0.23135699331760406,0,1,0.9997460246086121,-0.021778130903840065,0.005790792405605316,0,0.021082866936922073,0.9946690797805786,0.10093983262777328,0,-0.007958206348121166,-0.10079215466976166,0.9948760271072388,0,0,0.2602759897708893,0,1,0.9980499744415283,0.030730120837688446,0.05432185158133507,0,-0.0332498773932457,0.9983829855918884,0.04610685631632805,0,-0.052817147225141525,-0.04782314598560333,0.9974579215049744,0,0,0.1511559933423996,0.0019759999122470617,1,0.1908636838197708,0.022580672055482864,-0.9813567996025085,0,0.8341882824897766,-0.5306793451309204,0.15003018081188202,0,-0.5173981785774231,-0.8472718596458435,-0.120123952627182,0,0.12603799998760223,0.22824600338935852,-0.004809999838471413,1,0.98704594373703,-0.12953616678714752,0.09466341137886047,0,0.04163983836770058,0.776638925075531,0.6285681128501892,0,-0.154941588640213,-0.6164838075637817,0.7719721794128418,0,0,0.2591420114040375,0,1,0.8270120024681091,0.5061699151992798,-0.24462923407554626,0,-0.4347090423107147,0.8516929149627686,0.2926540970802307,0,0.35648176074028015,-0.13568592071533203,0.9243970513343811,0,0,0.42149999737739563,0,1,0.9248021245002747,0.17494821548461914,-0.3378365933895111,0,-0.23646180331707,0.9599639773368835,-0.15018032491207123,0,0.2980373799800873,0.21877269446849823,0.9291459918022156,0,0,0.35838401317596436,0,1,0.7051050662994385,-0.4942247271537781,0.5084972381591797,0,0.0157823096960783,0.7278590798377991,0.6855449676513672,0,-0.7089278101921082,-0.4753560721874237,0.5210171937942505,0,0,0.028882000595331192,0,1,0.6755021810531616,-0.6847798228263855,-0.2734481394290924,0,0.619665265083313,0.3262070417404175,0.7138658165931702,0,-0.39964014291763306,-0.6516641974449158,0.6446877717971802,0,0,0.014773000031709671,0,1,0.7789698839187622,-0.608406126499176,-0.15181683003902435,0,0.5520108938217163,0.5504822731018066,0.6263008713722229,0,-0.29747286438941956,-0.5716741681098938,0.7646560072898865,0,0.004189999774098396,0.02102000080049038,0.0016820000018924475,1,0.08591566979885101,-0.03323379158973694,0.9957479238510132,0,-0.841513991355896,-0.5374619364738464,0.05466977879405022,0,0.5333598852157593,-0.8426330089569092,-0.07414308190345764,0,-0.12603799998760223,0.22793200612068176,-0.0017170000355690718,1,0.9209840893745422,0.3875318467617035,-0.04009158909320831,0,-0.2646411061286926,0.6977906823158264,0.6656222939491272,0,0.28592538833618164,-0.6024177074432373,0.7452110648155212,0,0,0.2591420114040375,0,1,0.9056420922279358,-0.39009177684783936,0.16625812649726868,0,0.3307582437992096,0.8951979875564575,0.29869693517684937,0,-0.26535287499427795,-0.21552105247974396,0.9397540092468262,0,0,0.4207189977169037,0,1,0.9945650100708008,-0.1039498969912529,-0.005886386148631573,0,0.10308609157800674,0.9910820126533508,-0.0844418853521347,0,0.014611613936722279,0.08337611705064774,0.9964110255241394,0,0,0.3589490056037903,0,1,0.939193069934845,0.34049805998802185,0.044474679976701736,0,-0.3056980073451996,0.7700651288032532,0.5599538087844849,0,0.1564146876335144,-0.5395002365112305,0.8273288607597351,0,0,0.05530700087547302,0,1,0.8238297700881958,0.4702604413032532,0.3164788782596588,0,-0.3735255300998688,0.03042401187121868,0.9271211624145508,0,0.4263598918914795,-0.8820028901100159,0.20071850717067719,0,0,0.008616999723017216,0,1,0.9968229532241821,0.034977130591869354,0.0715530589222908,0,-0.06843787431716919,0.8356940150260925,0.5449140667915344,0,-0.04073693975806236,-0.5480799674987793,0.8354330658912659,0,0.0017600000137463212,0.013079999946057796,-0.00483600003644824,1,-0.9818690419197083,-0.10081291943788528,0.1605278104543686,0,0.1588880717754364,-0.8995391130447388,0.406920850276947,0,0.10337819904088974,0.42504915595054626,0.899247944355011,0,0.13043799996376038,-0.09577500075101852,-0.04069799929857254,1,0.9972079992294312,-0.0716794803738594,0.02091795578598976,0,0.04720752686262131,0.388161838054657,-0.9203810095787048,0,0.05785294622182846,0.9187998175621033,0.3904622793197632,0,0,0.70135498046875,0,1,0.9742730855941772,0.0023834495805203915,0.2253587692975998,0,-0.21224653720855713,0.34596192836761475,0.9139271974563599,0,-0.07578723132610321,-0.938245952129364,0.33756715059280396,0,0,0.6600949764251709,0,1,0.9692029356956482,-0.10642246156930923,0.2220819592475891,0,-0.05142047256231308,0.7944710850715637,0.6051208972930908,0,-0.2408359944820404,-0.5979042053222656,0.7645308971405029,0,0,0.32871800661087036,0,1,-0.9880290031433105,-0.038009677082300186,-0.1495138555765152,0,0.006651320960372686,-0.9787669777870178,0.2048700749874115,0,-0.1541261225938797,0.20142292976379395,0.9673020243644714,0,-0.13043799996376038,-0.09577500075101852,-0.031863998621702194,1,0.9842709898948669,0.1364080160856247,0.11226431280374527,0,-0.0774109959602356,0.9042221307754517,-0.4199887812137604,0,-0.15880168974399567,0.40469223260879517,0.9005590081214905,0,0,0.7014639973640442,0,1,0.9721620082855225,-0.07566294074058533,-0.22175796329975128,0,0.23240305483341217,0.19085480272769928,0.95371013879776,0,-0.02983693778514862,-0.9786980748176575,0.20312610268592834,0,0,0.6606119871139526,0,1,0.9723010659217834,0.019754111766815186,-0.23289772868156433,0,0.09339111298322678,0.8805920481681824,0.46457985043525696,0,0.21426527202129364,-0.47346213459968567,0.8543558120727539,0,0,0.3293890058994293,0,1
K0.034,-0.998541533946991,-0.03026711195707321,0.0447426475584507,0,-0.03102809004485607,0.9993836879730225,-0.01641133613884449,0,-0.04421834647655487,-0.017775626853108406,-0.9988652467727661,0,0.001350574428215623,1.5732073783874512,-0.03304865583777428,1,0.9999262690544128,0.006635225377976894,-0.010168327949941158,0,-0.007591242901980877,0.9952487349510193,-0.0970645397901535,0,0.00947597622871399,0.09713463485240936,0.9952263832092285,0,0,0.17263300716876984,-0.017503000795841217,1,0.9997783899307251,0.006000855006277561,-0.020178938284516335,0,-0.005853317677974701,0.9999560117721558,0.007362660951912403,0,0.02022223360836506,-0.007242915220558643,0.9997695088386536,0,0,0.20243699848651886,0,1,0.9997783899307251,0.006000855006277561,-0.020178938284516335,0,-0.005853317677974701,0.9999560117721558,0.007362660951912403,0,0.02022223360836506,-0.007242915220558643,0.9997695088386536,0,0,0.23135699331760406,0,1,0.9998964071273804,-0.01083252765238285,0.009477476589381695,0,0.009768037125468254,0.9943243861198425,0.105937659740448,0,-0.010571258142590523,-0.10583410412073135,0.994327187538147,0,0,0.2602759897708893,0,1,0.9983206391334534,0.02431022748351097,0.05257492884993553,0,-0.026552701368927956,0.9987480044364929,0.042383644729852676,0,-0.05147881433367729,-0.043708525598049164,0.9977174997329712,0,0,0.1511559933423996,0.0019759999122470617,1,0.1781914383172989,0.025736283510923386,-0.9836593270301819,0,0.8422387838363647,-0.5208924412727356,0.1389443427324295,0,-0.5088043808937073,-0.853234052658081,-0.11449456959962845,0,0.12603799998760223,0.22824600338935852,-0.004809999838471413,1,0.9785814881324768,-0.1936686784029007,0.06979604810476303,0,0.10191567987203598,0.7503493428230286,0.6531370282173157,0,-0.1788637340068817,-0.632034957408905,0.7540164589881897,0,0,0.2591420114040375,0,1,0.837751567363739,0.4928147494792938,-0.23517298698425293,0,-0.42948591709136963,0.8606419563293457,0.27356258034706116,0,0.337215393781662,-0.12817400693893433,0.9326611161231995,0,0,0.42149999737739563,0,1,0.9125251770019531,0.18303030729293823,-0.3657834529876709,0,-0.2444220334291458,0.9610680937767029,-0.12886494398117065,0,0.32795652747154236,0.20699799060821533,0.9217352271080017,0,0,0.35838401317596436,0,1,0.7067272067070007,-0.4813457429409027,0.5184996128082275,0,0.012542805634438992,0.7412858605384827,0.6710718274116516,0,-0.7073744535446167,-0.4677615463733673,0.5299246311187744,0,0,0.028882000595331192,0,1,0.6940454244613647,-0.6729961037635803,-0.25569090247154236,0,0.6113236546516418,0.3633378744125366,0.7030420303344727,0,-0.38024240732192993,-0.6442530751228333,0.6635915040969849,0,0,0.014773000031709671,0,1,0.7789698839187622,-0.608406126499176,-0.15181683003902435,0,0.5520108938217163,0.5504822731018066,0.6263008713722229,0,-0.29747286438941956,-0.5716741681098938,0.7646560072898865,0,0.004189999774098396,0.02102000080049038,0.0016820000018924475,1,0.09492676705121994,-0.03193964436650276,0.9949713945388794,0,-0.8463737964630127,-0.5287579894065857,0.0637759119272232,0,0.5240623354911804,-0.848172128200531,-0.07722622901201248,0,-0.12603799998760223,0.22793200612068176,-0.0017170000355690718,1,0.9084756374359131,0.409922331571579,-0.08145767450332642,0,-0.25483226776123047,0.697790265083313,0.6694385409355164,0,0.3312584161758423,-0.5874109864234924,0.7383875250816345,0,0,0.2591420114040375,0,1,0.8528786897659302,-0.509319543838501,0.11485165357589722,0,0.4480542242527008,0.8269120454788208,0.3398001194000244,0,-0.2680390477180481,-0.23834851384162903,0.9334584474563599,0,0,0.4207189977169037,0,1,0.9994710683822632,-0.01329020131379366,0.029668785631656647,0,0.015881408005952835,0.9959151148796082,-0.08888453245162964,0,-0.02836631052196026,0.0893087387084961,0.9955998659133911,0,0,0.3589490056037903,0,1,0.935521125793457,0.34963253140449524,0.05057244002819061,0,-0.3130176067352295,0.7540217638015747,0.5774698257446289,0,0.16376939415931702,-0.5560649037361145,0.8148437738418579,0,0,0.05530700087547302,0,1,0.8213538527488708,0.4707890450954437,0.3220788836479187,0,-0.3728826344013214,0.01585002802312374,0.9277435541152954,0,0.4316665232181549,-0.8821033239364624,0.18856754899024963,0,0,0.008616999723017216,0,1,0.9968229532241821,0.034977130591869354,0.0715530589222908,0,-0.06843787431716919,0.8356940150260925,0.5449140667915344,0,-0.04073693975806236,-0.5480799674987793,0.8354330658912659,0,0.0017600000137463212,0.013079999946057796,-0.00483600003644824,1,-0.9830394983291626,-0.08824428170919418,0.16076819598674774,0,0.15299548208713531,-0.877975344657898,0.45359912514686584,0,0.10112295299768448,0.4705025255680084,0.8765851259231567,0,0.13043799996376038,-0.09577500075101852,-0.04069799929857254,1,0.9975706338882446,-0.055840909481048584,0.041649434715509415,0,0.06306442618370056,0.4699227511882782,-0.8804514408111572,0,0.029593219980597496,0.880939781665802,0.4723031222820282,0,0,0.70135498046875,0,1,0.9744324684143066,0.0010028902906924486,0.22467882931232452,0,-0.2134786993265152,0.31595030426979065,0.9244472980499268,0,-0.07006018608808517,-0.9487751126289368,0.3080861270427704,0,0,0.6600949764251709,0,1,0.9714139103889465,-0.06197228655219078,0.22916021943092346,0,-0.06856076419353485,0.8509487509727478,0.5207540988922119,0,-0.22727595269680023,-0.5215793251991272,0.8223747611045837,0,0,0.32871800661087036,0,1,-0.9866786599159241,-0.0344412736594677,-0.15899282693862915,0,0.010427657514810562,-0.9887123107910156,0.14946436882019043,0,-0.1623459756374359,0.1458154320716858,0.9759008288383484,0,-0.13043799996376038,-0.09577500075101852,-0.031863998621702194,1,0.9822003245353699,0.1402411311864853,0.1249636560678482,0,-0.07873481512069702,0.9113829731941223,-0.40395763516426086,0,-0.17054113745689392,0.38692814111709595,0.9062020778656006,0,0,0.7014639973640442,0,1,0.9715097546577454,-0.08345266431570053,-0.2218201905488968,0,0.2334335893392563,0.17520233988761902,0.9564589262008667,0,-0.04095560684800148,-0.9809890985488892,0.18969136476516724,0,0,0.6606119871139526,0,1,0.9723784327507019,0.020327316597104073,-0.23252463340759277,0,0.09376299381256104,0.8782715201377869,0.46887943148612976,0,0.21375074982643127,-0.4777303636074066,0.8521060943603516,0,0,0.3293890058994293,0,1
K0.068,-0.9990633130073547,-0.032595593482255936,0.028498206287622452,0,-0.03305644541978836,0.9993278980255127,-0.0158501248806715,0,-0.027962414547801018,-0.01677728071808815,-0.9994695782661438,0,0.0031675780192017555,1.575809359550476,-0.02931804023683071,1,0.9998867511749268,0.004615530371665955,-0.014293446205556393,0,-0.0059676868841052055,0.9953588843345642,-0.09605114907026291,0,0.013783788308501244,0.09612561762332916,0.9952742457389832,0,0,0.17263300716876984,-0.017503000795841217,1,0.9995905756950378,0.0033611163962632418,-0.028418641537427902,0,-0.003094846149906516,0.9999510645866394,0.009408368729054928,0,0.028448855504393578,-0.009316559880971909,0.9995514154434204,0,0,0.20243699848651886,0,1,0.9995905756950378,0.0033611163962632418,-0.028418641537427902,0,-0.003094846149906516,0.9999510645866394,0.009408368729054928,0,0.028448855504393578,-0.009316559880971909,0.9995514154434204,0,0,0.23135699331760406,0,1,0.9999051690101624,0.0016635055653750896,0.01369608286768198,0,-0.003162028267979622,0.9939118027687073,0.11013008654117584,0,-0.013429498299956322,-0.11016296595335007,0.9938229322433472,0,0,0.2602759897708893,0,1,0.9986079931259155,0.01795482076704502,0.049597810953855515,0,-0.01984454318881035,0.9990851879119873,0.03787515312433243,0,-0.048872385174036026,-0.038806669414043427,0.9980505704879761,0,0,0.1511559933423996,0.0019759999122470617,1,0.16563454270362854,0.028555668890476227,-0.985773503780365,0,0.8473897576332092,-0.5154492259025574,0.12745124101638794,0,-0.5044764876365662,-0.8564442992210388,-0.10957400500774384,0,0.12603799998760223,0.22824600338935852,-0.004809999838471413,1,0.9698976278305054,-0.24125853180885315,0.033074751496315,0,0.1595606505870819,0.732228696346283,0.6621044278144836,0,-0.18395636975765228,-0.6368951797485352,0.7486812472343445,0,0,0.2591420114040375,0,1,0.8388027548789978,0.48930859565734863,-0.23871758580207825,0,-0.42768484354019165,0.8635286688804626,0.26721441745758057,0,0.33688995242118835,-0.12204435467720032,0.9336005449295044,0,0,0.42149999737739563,0,1,0.9130674004554749,0.18528050184249878,-0.36328887939453125,0,-0.2452004998922348,0.961245596408844,-0.1260279268026352,0,0.32585954666137695,0.20415076613426208,0.9231136441230774,0,0,0.35838401317596436,0,1,0.7083452939987183,-0.46685129404067993,0.5294304490089417,0,0.009152162820100784,0.7560555934906006,0.65444415807724,0,-0.7058067321777344,-0.4587268531322479,0.5398209095001221,0,0,0.028882000595331192,0,1,0.7136725187301636,-0.6591739654541016,-0.23698513209819794,0,0.6011584401130676,0.40270522236824036,0.6902438402175903,0,-0.35955554246902466,-0.635073721408844,0.6836676597595215,0,0,0.014773000031709671,0,1,0.7789698839187622,-0.608406126499176,-0.15181683003902435,0,0.5520108938217163,0.5504822731018066,0.6263008713722229,0,-0.29747286438941956,-0.5716741681098938,0.7646560072898865,0,0.004189999774098396,0.02102000080049038,0.0016820000018924475,1,0.10374557971954346,-0.03090793639421463,0.9941232800483704,0,-0.8523094058036804,-0.5179407596588135,0.07284287363290787,0,0.5126459002494812,-0.8548582792282104,-0.0800771564245224,0,-0.12603799998760223,0.22793200612068176,-0.0017170000355690718,1,0.913476288318634,0.38750386238098145,-0.1241060420870781,0,-0.2091948688030243,0.7088755369186401,0.6735970973968506,0,0.34899717569351196,-0.5893524885177612,0.7286046743392944,0,0,0.2591420114040375,0,1,0.8165108561515808,-0.5719731450080872,0.07846225053071976,0,0.5108833312988281,0.779133141040802,0.36324989795684814,0,-0.2689017057418823,-0.25651243329048157,0.9283822178840637,0,0,0.4207189977169037,0,1,0.9981136918067932,0.04973022639751434,0.035997308790683746,0,-0.04568139836192131,0.9933502078056335,-0.1056828424334526,0,-0.04101354256272316,0.10383903235197067,0.9937477111816406,0,0,0.3589490056037903,0,1,0.9326556921005249,0.356462687253952,0.05557182431221008,0,-0.31841957569122314,0.7409385442733765,0.5912867784500122,0,0.16959629952907562,-0.5691620111465454,0.804544985294342,0,0,0.05530700087547302,0,1,0.8185199499130249,0.47133126854896545,0.32843971252441406,0,-0.3721465766429901,-0.0005085422308184206,0.9281736612319946,0,0.43764427304267883,-0.8819562792778015,0.1749880611896515,0,0,0.008616999723017216,0,1,0.9968229532241821,0.034977130591869354,0.0715530589222908,0,-0.06843787431716919,0.8356940150260925,0.5449140667915344,0,-0.04073693975806236,-0.5480799674987793,0.8354330658912659,0,0.0017600000137463212,0.013079999946057796,-0.00483600003644824,1,-0.9852304458618164,-0.07950054109096527,0.15165738761425018,0,0.1442624032497406,-0.8625010251998901,0.4850565791130066,0,0.09224245697259903,0.499771386384964,0.8612320423126221,0,0.13043799996376038,-0.09577500075101852,-0.04069799929857254,1,0.9972703456878662,-0.03542919084429741,0.06478148698806763,0,0.07334576547145844,0.5763510465621948,-0.8139039278030396,0,-0.008500922471284866,0.816433846950531,0.5773764848709106,0,0,0.70135498046875,0,1,0.9746098518371582,0.0005733194993808866,0.22390760481357574,0,-0.2142113298177719,0.2934894859790802,0.9316530823707581,0,-0.06518042832612991,-0.9559623599052429,0.2861607074737549,0,0,0.6600949764251709,0,1,0.956123411655426,-0.005239884369075298,0.2929169237613678,0,-0.13755285739898682,0.8747503161430359,0.46464064717292786,0,-0.2586638331413269,-0.4845453202724457,0.8356484770774841,0,0,0.32871800661087036,0,1,-0.9852744936943054,-0.028606336563825607,-0.16857026517391205,0,0.012518334202468395,-0.9953278303146362,0.09573864936828613,0,-0.17052139341831207,0.09221862256526947,0.9810292720794678,0,-0.13043799996376038,-0.09577500075101852,-0.031863998621702194,1,0.9793559312820435,0.1472964882850647,0.13843977451324463,0,-0.08210776746273041,0.9156858325004578,-0.3934171795845032,0,-0.1847163885831833,0.37392863631248474,0.908876895904541,0,0,0.7014639973640442,0,1,0.971446692943573,-0.085374616086483,-0.22136451303958893,0,0.2326657921075821,0.16013191640377045,0.9592830538749695,0,-0.046450916677713394,-0.9833968877792358,0.17542347311973572,0,0,0.6606119871139526,0,1,0.9725660085678101,0.019679449498653412,-0.23179267346858978,0,0.09438574314117432,0.8773293495178223,0.47051408886909485,0,0.2126181423664093,-0.47948428988456726,0.8514038920402527,0,0,0.3293890058994293,0,1
K0.102,-0.9992542266845703,-0.03555770218372345,0.015170403756201267,0,-0.03577037900686264,0.9992620944976807,-0.013983245939016342,0,-0.014662002213299274,-0.014515429735183716,-0.9997891187667847,0,0.004195569548755884,1.573398232460022,-0.025905119255185127,1,0.999834418296814,0.003672171849757433,-0.017811616882681847,0,-0.005346428602933884,0.9954743385314941,-0.09488138556480408,0,0.017382586374878883,0.09496089816093445,0.9953291416168213,0,0,0.17263300716876984,-0.017503000795841217,1,0.9993754029273987,0.002781411400064826,-0.03522801026701927,0,-0.0023678105790168047,0.9999277591705322,0.011776959523558617,0,0.035258229821920395,-0.011686191894114017,0.9993100166320801,0,0,0.20243699848651886,0,1,0.9993754029273987,0.002781411400064826,-0.03522801026701927,0,-0.0023678105790168047,0.9999277591705322,0.011776959523558617,0,0.035258229821920395,-0.011686191894114017,0.9993100166320801,0,0,0.23135699331760406,0,1,0.9998009204864502,0.010552444495260715,0.016942860558629036,0,-0.01244497112929821,0.9931954741477966,0.11579227447509766,0,-0.015605677850544453,-0.11598004400730133,0.9931288361549377,0,0,0.2602759897708893,0,1,0.9988447427749634,0.011402247473597527,0.04667540639638901,0,-0.012978563085198402,0.9993504285812378,0.033609308302402496,0,-0.046261899173259735,-0.03417627885937691,0.9983445405960083,0,0,0.1511559933423996,0.0019759999122470617,1,0.15573856234550476,0.030579393729567528,-0.9873254299163818,0,0.8485730290412903,-0.5157806277275085,0.11787740886211395,0,-0.5056384205818176,-0.856175422668457,-0.10627584904432297,0,0.12603799998760223,0.22824600338935852,-0.004809999838471413,1,0.9592958688735962,-0.28231140971183777,-0.007208768278360367,0,0.215759739279747,0.7162054777145386,0.6636998653411865,0,-0.18220695853233337,-0.6382395029067993,0.7479639053344727,0,0,0.2591420114040375,0,1,0.8363046646118164,0.48815444111824036,-0.24959920346736908,0,-0.42499926686286926,0.8648098707199097,0.267356276512146,0,0.3463669419288635,-0.1175118014216423,0.9307095408439636,0,0,0.42149999737739563,0,1,0.9180800318717957,0.1864195317029953,-0.34982532262802124,0,-0.244632750749588,0.9608654379844666,-0.12997446954250336,0,0.31190502643585205,0.20490553975105286,0.9277550578117371,0,0,0.35838401317596436,0,1,0.7099579572677612,-0.4511297941207886,0.5407795906066895,0,0.005661113187670708,0.7715166807174683,0.6361834406852722,0,-0.7042219042778015,-0.4486021399497986,0.5502983927726746,0,0,0.028882000595331192,0,1,0.733823299407959,-0.6434513330459595,-0.21788205206394196,0,0.589205801486969,0.44319671392440796,0.6755831241607666,0,-0.33814066648483276,-0.6241366267204285,0.7043541669845581,0,0,0.014773000031709671,0,1,0.7789698839187622,-0.608406126499176,-0.15181683003902435,0,0.5520108938217163,0.5504822731018066,0.6263008713722229,0,-0.29747286438941956,-0.5716741681098938,0.7646560072898865,0,0.004189999774098396,0.02102000080049038,0.0016820000018924475,1,0.11249979585409164,-0.02998341992497444,0.9931997656822205,0,-0.8578388690948486,-0.5073583126068115,0.08185096830129623,0,0.5014539361000061,-0.8612134456634521,-0.08279863744974136,0,-0.12603799998760223,0.22793200612068176,-0.0017170000355690718,1,0.9266476631164551,0.338543564081192,-0.1634385734796524,0,-0.1486504077911377,0.72929847240448,0.6678518056869507,0,0.34529241919517517,-0.594568133354187,0.7261273264884949,0,0,0.2591420114040375,0,1,0.7895529866218567,-0.6109703779220581,0.05763426795601845,0,0.5505056977272034,0.7466434836387634,0.3734530508518219,0,-0.271200954914093,-0.2631329298019409,0.9258571267127991,0,0,0.4207189977169037,0,1,0.9953990578651428,0.09408195316791534,0.018133142963051796,0,-0.09100347757339478,0.9875531792640686,-0.12828221917152405,0,-0.029976490885019302,0.12604182958602905,0.9915714859962463,0,0,0.3589490056037903,0,1,0.9301978349685669,0.36212438344955444,0.05999075621366501,0,-0.3229149878025055,0.7296150326728821,0.6028167605400085,0,0.17452436685562134,-0.5801103711128235,0.7956212759017944,0,0,0.05530700087547302,0,1,0.8164435029029846,0.4714709222316742,0.3333693742752075,0,-0.37109771370887756,-0.013892346993088722,0.928490161895752,0,0.4423873722553253,-0.8817722797393799,0.16361945867538452,0,0,0.008616999723017216,0,1,0.9968229532241821,0.034977130591869354,0.0715530589222908,0,-0.06843787431716919,0.8356940150260925,0.5449140667915344,0,-0.04073693975806236,-0.5480799674987793,0.8354330658912659,0,0.0017600000137463212,0.013079999946057796,-0.00483600003644824,1,-0.9863595962524414,-0.0758131593465805,0.14610446989536285,0,0.14071115851402283,-0.8489190340042114,0.5094476342201233,0,0.0854080393910408,0.5230571031570435,0.8480072617530823,0,0.13043799996376038,-0.09577500075101852,-0.04069799929857254,1,0.9958645105361938,-0.02986590377986431,0.0858054980635643,0,0.08320445567369461,0.6791151165962219,-0.729300320148468,0,-0.036490608006715775,0.7334238886833191,0.6787918210029602,0,0,0.70135498046875,0,1,0.974582850933075,0.011471309699118137,0.22373634576797485,0,-0.21821649372577667,0.27464213967323303,0.9364573359489441,0,-0.05070500075817108,-0.9614776968955994,0.2701645791530609,0,0,0.6600949764251709,0,1,0.9591061472892761,-0.005322269629687071,0.28299474716186523,0,-0.13082484900951385,0.8782808780670166,0.45990028977394104,0,-0.25099653005599976,-0.4781157970428467,0.8416680693626404,0,0,0.32871800661087036,0,1,-0.9836598038673401,-0.017993226647377014,-0.1791364550590515,0,0.010362030938267708,-0.9990023374557495,0.04344487935304642,0,-0.17973944544792175,0.04087876155972481,0.9828648567199707,0,-0.13043799996376038,-0.09577500075101852,-0.031863998621702194,1,0.9754703640937805,0.1597204953432083,0.15148118138313293,0,-0.0891406461596489,0.9158090353012085,-0.3915959596633911,0,-0.2012738287448883,0.36848726868629456,0.9075826406478882,0,0,0.7014639973640442,0,1,0.9712868332862854,-0.0881507396697998,-0.22097629308700562,0,0.23156298696994781,0.13716867566108704,0.9631013870239258,0,-0.05458706244826317,-0.9866172075271606,0.15364252030849457,0,0,0.6606119871139526,0,1,0.9719341397285461,0.01988150179386139,-0.23441077768802643,0,0.0964503139257431,0.8751525282859802,0.47413647174835205,0,0.2145717293024063,-0.4834383726119995,0.8486729860305786,0,0,0.3293890058994293,0,1
K0.137,-0.9992977380752563,-0.03720478340983391,0.004830542486160994,0,-0.0372593067586422,0.9992365837097168,-0.011726238764822483,0,-0.004390585236251354,-0.011897956021130085,-0.9999215602874756,0,0.004689511377364397,1.5670671463012695,-0.023985987529158592,1,0.9997811317443848,0.0025046737864613533,-0.020752664655447006,0,-0.004447808023542166,0.9955509901046753,-0.09412308782339096,0,0.020424582064151764,0.09419475495815277,0.9953439831733704,0,0,0.17263300716876984,-0.017503000795841217,1,0.999160647392273,0.002148048020899296,-0.040919236838817596,0,-0.0016036152373999357,0.9999094605445862,0.013333197683095932,0,0.040944166481494904,-0.013256383128464222,0.9990733861923218,0,0,0.20243699848651886,0,1,0.999160647392273,0.002148048020899296,-0.040919236838817596,0,-0.0016036152373999357,0.9999094605445862,0.013333197683095932,0,0.040944166481494904,-0.013256383128464222,0.9990733861923218,0,0,0.23135699331760406,0,1,0.9996147155761719,0.019165579229593277,0.020082885399460793,0,-0.021570954471826553,0.9916225671768188,0.12735334038734436,0,-0.017473841086030006,-0.12773746252059937,0.9916538596153259,0,0,0.2602759897708893,0,1,0.9990231394767761,0.0058137825690209866,0.04380915313959122,0,-0.006975503638386726,0.9996269345283508,0.02641173079609871,0,-0.04363926500082016,-0.02669152431190014,0.9986910820007324,0,0,0.1511559933423996,0.0019759999122470617,1,0.14662057161331177,0.03258894756436348,-0.988656222820282,0,0.852605402469635,-0.510931670665741,0.10960204899311066,0,-0.5015636682510376,-0.8590030670166016,-0.10269853472709656,0,0.12603799998760223,0.22824600338935852,-0.004809999838471413,1,0.9474433064460754,-0.31690526008605957,-0.04383325204253197,0,0.2630136013031006,0.6935601234436035,0.6706703305244446,0,-0.18213790655136108,-0.6469507813453674,0.7404592037200928,0,0,0.2591420114040375,0,1,0.8402978777885437,0.47396621108055115,-0.26316526532173157,0,-0.40993762016296387,0.8731751441955566,0.2636585235595703,0,0.35475456714630127,-0.11367034912109375,0.928023636341095,0,0,0.42149999737739563,0,1,0.9180520176887512,0.19473958015441895,-0.3453364372253418,0,-0.25196343660354614,0.9591034054756165,-0.12897615134716034,0,0.30609646439552307,0.2054188996553421,0.9295737147331238,0,0,0.35838401317596436,0,1,0.7115496397018433,-0.434904009103775,0.5518652200698853,0,0.002138102427124977,0.7867582440376282,0.6172574162483215,0,-0.7026326656341553,-0.43802961707115173,0.5607477426528931,0,0,0.028882000595331192,0,1,0.7536975741386414,-0.626321017742157,-0.1991511434316635,0,0.5758088827133179,0.48320844769477844,0.6595100164413452,0,-0.31683361530303955,-0.6117443442344666,0.7248345613479614,0,0,0.014773000031709671,0,1,0.7789698839187622,-0.608406126499176,-0.15181683003902435,0,0.5520108938217163,0.5504822731018066,0.6263008713722229,0,-0.29747286438941956,-0.5716741681098938,0.7646560072898865,0,0.004189999774098396,0.02102000080049038,0.0016820000018924475,1,0.1190534234046936,-0.029547957703471184,0.9924484491348267,0,-0.8632766008377075,-0.49686476588249207,0.08876503258943558,0,0.4904893636703491,-0.8673245310783386,-0.08466146886348724,0,-0.12603799998760223,0.22793200612068176,-0.0017170000355690718,1,0.9403005838394165,0.2751798927783966,-0.20027808845043182,0,-0.07776176929473877,0.7465928792953491,0.6607208251953125,0,0.33134332299232483,-0.6057022213935852,0.723420262336731,0,0,0.2591420114040375,0,1,0.7751262784004211,-0.6302177906036377,0.04476897418498993,0,0.5747387409210205,0.7327704429626465,0.3643123209476471,0,-0.2624015212059021,-0.2566576302051544,0.9302003979682922,0,0,0.4207189977169037,0,1,0.993115246295929,0.11713350564241409,0.0010524970712140203,0,-0.11567491292953491,0.9820851683616638,-0.1487533003091812,0,-0.018457647413015366,0.1476074904203415,0.9888737201690674,0,0,0.3589490056037903,0,1,0.9268923401832581,0.3695577383041382,0.06555604189634323,0,-0.3290409743785858,0.7160680294036865,0.615611732006073,0,0.18056154251098633,-0.592176616191864,0.7853178977966309,0,0,0.05530700087547302,0,1,0.8139448165893555,0.47164610028266907,0.33918148279190063,0,-0.3699502646923065,-0.029345719143748283,0.9285881519317627,0,0.4479184150695801,-0.8812996745109558,0.15059977769851685,0,0,0.008616999723017216,0,1,0.9968229532241821,0.034977130591869354,0.0715530589222908,0,-0.06843787431716919,0.8356940150260925,0.5449140667915344,0,-0.04073693975806236,-0.5480799674987793,0.8354330658912659,0,0.0017600000137463212,0.013079999946057796,-0.00483600003644824,1,-0.9877692461013794,-0.07154186069965363,0.13854002952575684,0,0.1346893608570099,-0.839131772518158,0.5269880890846252,0,0.07855168730020523,0.5392027497291565,0.8385049104690552,0,0.13043799996376038,-0.09577500075101852,-0.04069799929857254,1,0.9946708083152771,-0.03258616104722023,0.09781681001186371,0,0.08692733943462372,0.7752150893211365,-0.6256880164146423,0,-0.0554402694106102,0.6308563947677612,0.7739161849021912,0,0,0.70135498046875,0,1,0.9740012884140015,0.02770937979221344,0.22484371066093445,0,-0.22369684278964996,0.27450647950172424,0.9352033138275146,0,-0.035807155072689056,-0.9611862301826477,0.27356821298599243,0,0,0.6600949764251709,0,1,0.9694456458091736,-0.019308628514409065,0.24454385042190552,0,-0.09906467795372009,0.881173312664032,0.4622977375984192,0,-0.2244119644165039,-0.47239845991134644,0.8523373007774353,0,0,0.32871800661087036,0,1,-0.9818394184112549,-0.002221873961389065,-0.18969766795635223,0,0.0040849316865205765,-0.9999467134475708,-0.009430750273168087,0,-0.18966680765151978,-0.010034395381808281,0.9817973375320435,0,-0.13043799996376038,-0.09577500075101852,-0.031863998621702194,1,0.9707030057907104,0.17490875720977783,0.16475243866443634,0,-0.09796131402254105,0.9141605496406555,-0.3933377265930176,0,-0.21940815448760986,0.36567434668540955,0.9045116901397705,0,0,0.7014639973640442,0,1,0.9711580872535706,-0.0904010757803917,-0.2206345796585083,0,0.22998523712158203,0.11097630858421326,0.9668458700180054,0,-0.06291870027780533,-0.9897028207778931,0.1285664439201355,0,0,0.6606119871139526,0,1,0.9700348973274231,0.027462726458907127,-0.24140805006027222,0,0.10006912052631378,0.8602455854415894,0.49996352195739746,0,0.22140054404735565,-0.5091394782066345,0.8317199349403381,0,0,0.3293890058994293,0,1
