4.133,30,124,33
B0,mixamorig_Hips,-1,0.868561863899231,0.09516867995262146,-0.48635751008987427,0,0.09065364301204681,0.9343188405036926,0.34471800923347473,0,0.4872191548347473,-0.3434988856315613,0.8028860688209534,0,-0.14727160334587097,1.2962191104888916,-0.0438978485763073,1
B1,mixamorig_Spine,0,0.9983947277069092,0.051077377051115036,0.024484770372509956,0,-0.05345139652490616,0.9926202893257141,0.10884927213191986,0,-0.0187443308532238,-0.10998321324586868,0.9937562942504883,0,0,0.16157899796962738,-0.014773000031709671,1
B2,mixamorig_Spine1,1,0.9977421760559082,0.06680763512849808,-0.006865800358355045,0,-0.05900619179010391,0.9208430051803589,0.38544389605522156,0,0.03207290172576904,-0.3841683268547058,0.9227054715156555,0,0,0.1892949938774109,0,1
B3,mixamorig_Spine2,2,0.9990350008010864,0.04325952008366585,-0.00758196460083127,0,-0.03691454604268074,0.9206286072731018,0.388689786195755,0,0.02379470504820347,-0.38803479075431824,0.9213371276855469,0,0,0.21633799374103546,0,1
B4,mixamorig_Neck,3,0.9928728342056274,0.10748966783285141,0.05147058516740799,0,-0.11155795305967331,0.9901951551437378,0.0840696394443512,0,-0.04192933812737465,-0.08921248465776443,0.9951298832893372,0,0,0.24337999522686005,0,1
B5,mixamorig_Head,4,0.9792888760566711,0.16837041079998016,0.11244849860668182,0,-0.06333033740520477,0.7822481989860535,-0.619739294052124,0,-0.1923084408044815,0.5997825264930725,0.7767101526260376,0,0,0.15806099772453308,0.021291999146342278,1
B6,mixamorig_HeadTop_End,5,1,0,0,0,0,1,0,0,0,0,1,0,0,0.3098770081996918,0.041742000728845596,1
B7,mixamorig_LeftShoulder,3,0.2012515664100647,0.05027923360466957,-0.9782482385635376,0,0.9661087989807129,0.15462470054626465,0.20670148730278015,0,0.16165414452552795,-0.9866930842399597,-0.017456769943237305,0,0.13107499480247498,0.2195959985256195,-0.0028830000665038824,1
B8,mixamorig_LeftArm,7,0.19745182991027832,0.7613628506660461,0.6175267696380615,0,-0.9206667542457581,-0.072353295981884,0.38358572125434875,0,0.33672794699668884,-0.644275963306427,0.6866750717163086,0,0,0.25607699155807495,0,1
B9,mixamorig_LeftForeArm,8,0.9093849062919617,0.3738114833831787,-0.1824399083852768,0,-0.36587783694267273,0.9274999499320984,0.0766628161072731,0,0.19787046313285828,-0.002965283580124378,0.9802238345146179,0,0,0.394228994846344,0,1
B10,mixamorig_LeftHand,9,0.9887893795967102,-0.014981922693550587,0.1485649198293686,0,-0.00011510225886013359,0.9948771595954895,0.10109373927116394,0,-0.1493183821439743,-0.09997749328613281,0.9837220311164856,0,0,0.34956198930740356,0,1
B11,mixamorig_LeftHandIndex1,10,0.9147170186042786,-0.1411140412092209,0.37865495681762695,0,0.055653948336839676,0.972108006477356,0.22783400118350983,0,-0.4002440273761749,-0.1873299777507782,0.8970572352409363,0,0,0.06191499903798103,0,1
B12,mixamorig_LeftHandIndex2,11,0.9798650145530701,-0.19931098818778992,-0.01184919010847807,0,0.19078701734542847,0.9521531462669373,-0.23875558376312256,0,0.05886881425976753,0.23168744146823883,0.9710069298744202,0,0,0.016459999606013298,0,1
B13,mixamorig_LeftHandIndex3,12,0.9739479422569275,-0.10939215868711472,-0.19864420592784882,0,0.2234298139810562,0.3130289316177368,0.9230880737304688,0,-0.03879721462726593,-0.9434227347373962,0.32931530475616455,0,-0.0014830000000074506,0.023576000705361366,0.010765999555587769,1
B14,mixamorig_LeftHandIndex4,13,1,0,0,0,0,1,0,0,0,0,1,0,-0.00101500004529953,0.006810000166296959,-0.004865000024437904,1
B15,mixamorig_RightShoulder,3,-0.19952179491519928,0.006896830629557371,0.9798687696456909,0,-0.9492647051811218,-0.24942219257354736,-0.19153456389904022,0,0.2430800497531891,-0.9683703780174255,0.056312017142772675,0,-0.13107499480247498,0.21946699917316437,-0.0014769999543204904,1
B16,mixamorig_RightArm,15,-0.05716870725154877,-0.9293767809867859,-0.3646796941757202,0,0.9849094748497009,-0.11226854473352432,0.13171495497226715,0,-0.1633547991514206,-0.3516463041305542,0.9217697381973267,0,0,0.25607699155807495,0,1
B17,mixamorig_RightForeArm,16,0.9440005421638489,-0.29684245586395264,0.14404082298278809,0,0.2921508252620697,0.9548918604850769,0.0531926155090332,0,-0.15333320200443268,-0.008132211863994598,0.9881409406661987,0,0,0.39370399713516235,0,1
B18,mixamorig_RightHand,17,0.9406799674034119,0.3211333155632019,0.10951759666204453,0,-0.3036521375179291,0.9408144950866699,-0.1505454182624817,0,-0.15138092637062073,0.10835982859134674,0.9825184345245361,0,0,0.34968000650405884,0,1
B19,mixamorig_RightHandIndex1,18,0.9547221064567566,0.10705575346946716,-0.2775699198246002,0,-0.05040925368666649,0.9777318835258484,0.20371441543102264,0,0.2931978404521942,-0.18049858510494232,0.9388590455055237,0,0,0.029978999868035316,0,1
B20,mixamorig_RightHandIndex2,19,0.9942049384117126,0.10705624520778656,0.009770737029612064,0,-0.10674474388360977,0.9938860535621643,-0.028202608227729797,0,-0.012730262242257595,0.026996193453669548,0.9995539784431458,0,0,0.02031799964606762,0,1
B21,mixamorig_RightHandIndex3,20,0.9990789294242859,0.03582483157515526,-0.023618455976247787,0,-0.008801969699561596,0.7098169922828674,0.7043310403823853,0,0.04199734330177307,-0.7034748196601868,0.7094789743423462,0,-0.000018999999156221747,0.029631000012159348,0.006326000206172466,1
B22,mixamorig_RightHandIndex4,21,1,0,0,0,0,1,0,0,0,0,1,0,-0.0022299999836832285,0.02442299947142601,-0.010110000148415565,1
B23,mixamorig_LeftUpLeg,0,-0.8995528221130371,-0.33440107107162476,0.2810360789299011,0,0.426757276058197,-0.810049295425415,0.402116984128952,0,0.09318473190069199,0.4816596806049347,0.8713902235031128,0,0.1705009937286377,-0.09342499822378159,0.0014019999653100967,1
B24,mixamorig_LeftLeg,23,0.986046552658081,-0.06915673613548279,-0.1514258235692978,0,-0.057256922125816345,0.7132366895675659,-0.6985804438591003,0,0.15631403028964996,0.6975031495094299,0.6993250250816345,0,0,0.7455189824104309,0,1
B25,mixamorig_LeftFoot,24,0.8995067477226257,-0.37157997488975525,-0.22981661558151245,0,0.05977849289774895,-0.4163915514945984,0.9072185754776001,0,-0.43279775977134705,-0.8297869563102722,-0.3523343503475189,0,0,0.7359690070152283,0,1
B26,mixamorig_LeftToeBase,25,0.9971106648445129,0.0719727873802185,0.024305574595928192,0,-0.07596505433320999,0.946333110332489,0.31413933634757996,0,-0.0003916866553481668,-0.31507790088653564,0.9490658640861511,0,0,0.2858310043811798,0,1
B27,mixamorig_LeftToe_End,26,1,0,0,0,0,1,0,0,0,0,1,0,0,0.137580007314682,0,1
B28,mixamorig_RightUpLeg,0,-0.9073480367660522,0.1424788534641266,-0.3954983055591583,0,-0.41760092973709106,-0.19749532639980316,0.886907696723938,0,0.04825654998421669,0.9698947668075562,0.2386963963508606,0,-0.1705009937286377,-0.09342499822378159,0.014719000086188316,1
B29,mixamorig_RightLeg,28,0.9874536991119385,0.1507973074913025,-0.04684973508119583,0,-0.09106021374464035,0.30140382051467896,-0.9491381049156189,0,-0.12900690734386444,0.9414970278739929,0.31135427951812744,0,0,0.7471349835395813,0,1
B30,mixamorig_RightFoot,29,0.9798583388328552,0.09943711012601852,-0.17317594587802887,0,0.17645780742168427,-0.02514941431581974,0.983987033367157,0,0.09348957240581512,-0.994726300239563,-0.04218932241201401,0,0,0.7454230189323425,0,1
B31,mixamorig_RightToeBase,30,0.9943170547485352,-0.1063455119729042,-0.004976397380232811,0,0.10483362525701523,0.9698955416679382,0.21980176866054535,0,-0.018548334017395973,-0.21907418966293335,0.9755316376686096,0,0,0.3230130076408386,0,1
B32,mixamorig_RightToe_End,31,1,0,0,0,0,1,0,0,0,0,1,0,0,0.13775800168514252,0,1
@28,0,1,2,3,4,5,7,8,9,10,11,12,13,15,16,17,18,19,20,21,23,24,25,26,28,29,30,31
K0,0.8530259132385254,0.04685859754681587,-0.5197601318359375,0,0.020917601883411407,0.9920900464057922,0.12377094477415085,0,0.5214489698410034,-0.11645205318927765,0.8452989459037781,0,-0.0035600000992417336,1.331989049911499,-0.011646999977529049,1,0.9998990297317505,0.009006107226014137,0.01101198885589838,0,-0.009781893342733383,0.9973170161247253,0.07255382090806961,0,-0.010329012759029865,-0.07265418022871017,0.9973040819168091,0,0,0.16157899796962738,-0.014773000031709671,1,0.9996010065078735,-0.028191685676574707,-0.0016818353906273842,0,0.02727431245148182,0.9481900930404663,0.31653067469596863,0,-0.007328835781663656,-0.3164503276348114,0.9485809206962585,0,0,0.1892949938774109,0,1,0.9995229840278625,-0.030603958293795586,-0.004226740915328264,0,0.030362043529748917,0.9477719664573669,0.3174990713596344,0,-0.00571074103936553,-0.31747594475746155,0.9482489824295044,0,0,0.21633799374103546,0,1,0.9979780316352844,-0.02277090959250927,0.05934693664312363,0,0.020820090547204018,0.9992290139198303,0.03328496590256691,0,-0.060059066861867905,-0.03198203444480896,0.9976819753646851,0,0,0.24337999522686005,0,1,0.9478079676628113,0.1330099254846573,0.28977224230766296,0,0.028308924287557602,0.8701348304748535,-0.49200019240379333,0,-0.31758177280426025,0.47452476620674133,0.820955216884613,0,0,0.15806099772453308,0.021291999146342278,1,0.1413821130990982,0.02943810448050499,-0.9895169734954834,0,0.98688805103302,0.07443509250879288,0.14322097599506378,0,0.07787097245454788,-0.9967910647392273,-0.01852835901081562,0,0.13107499480247498,0.2195959985256195,-0.0028830000665038824,1,0.47019675374031067,0.5948507189750671,0.6519724130630493,0,-0.835116982460022,0.06092940270900726,0.5466878414154053,0,0.28547337651252747,-0.8015239834785461,0.525418758392334,0,0,0.25607699155807495,0,1,0.9214339852333069,0.34959402680397034,-0.1695360392332077,0,-0.34275490045547485,0.9368849992752075,0.06903193145990372,0,0.18296895921230316,-0.005499060265719891,0.9831029772758484,0,0,0.394228994846344,0,1,0.9899399876594543,-0.015234055928885937,0.14066286385059357,0,0.0022169435396790504,0.9957349896430969,0.09223785996437073,0,-0.1414681226015091,-0.09099812060594559,0.9857519268989563,0,0,0.34956198930740356,0,1,0.9147170782089233,-0.1411140114068985,0.3786547780036926,0,0.05565398186445236,0.972108006477356,0.22783392667770386,0,-0.4002441465854645,-0.18733006715774536,0.8970579504966736,0,0,0.06191499903798103,0,1,0.9798650145530701,-0.19931098818778992,-0.01184919010847807,0,0.19078701734542847,0.9521531462669373,-0.23875558376312256,0,0.05886881425976753,0.23168744146823883,0.9710069298744202,0,0,0.016459999606013298,0,1,0.9739481210708618,-0.10939185321331024,-0.1986447125673294,0,0.22343015670776367,0.3130291998386383,0.9230878949165344,0,-0.03879671171307564,-0.9434230923652649,0.329315721988678,0,-0.0014830000000074506,0.023576000705361366,0.010765999555587769,1,-0.22485285997390747,0.0023902335669845343,0.9743900299072266,0,-0.924903929233551,-0.31516405940055847,-0.21266019344329834,0,0.3065842390060425,-0.9490338563919067,0.07307624071836472,0,-0.13107499480247498,0.21946699917316437,-0.0014769999543204904,1,0.5972370505332947,-0.7902379035949707,-0.1372310072183609,0,0.7291991114616394,0.463716983795166,0.5032247304916382,0,-0.33403098583221436,-0.4006132483482361,0.8531898856163025,0,0,0.25607699155807495,0,1,0.836014986038208,-0.4903489649295807,0.24624504148960114,0,0.4761160612106323,0.8713399171829224,0.11866417527198792,0,-0.2727499306201935,0.01803618296980858,0.9619160294532776,0,0,0.39370399713516235,0,1,0.9738479256629944,0.22128921747207642,0.05148715153336525,0,-0.2271277904510498,0.9539260864257812,0.1960560381412506,0,-0.005729849450290203,-0.20262295007705688,0.9792400002479553,0,0,0.34968000650405884,0,1,0.954721987247467,0.10705572366714478,-0.2775702178478241,0,-0.050409283488988876,0.9777319431304932,0.2037140280008316,0,0.29319778084754944,-0.18049800395965576,0.9388580918312073,0,0,0.029978999868035316,0,1,0.9942049384117126,0.10705625265836716,0.00977075845003128,0,-0.10674474388360977,0.9938859939575195,-0.028202204033732414,0,-0.012730240821838379,0.026995791122317314,0.9995539784431458,0,0,0.02031799964606762,0,1,0.9990789890289307,0.03582398220896721,-0.02361893281340599,0,-0.00880101602524519,0.7098167538642883,0.7043312788009644,0,0.041997067630290985,-0.7034747004508972,0.7094782590866089,0,-0.000018999999156221747,0.029631000012159348,0.006326000206172466,1,-0.9523348212242126,-0.27767232060432434,0.12631379067897797,0,0.30472463369369507,-0.8467280268669128,0.43611201643943787,0,-0.014142794534564018,0.45381593704223633,0.890982985496521,0,0.1705009937286377,-0.09342499822378159,0.0014019999653100967,1,0.9854950308799744,-0.08919552713632584,-0.14437361061573029,0,-0.08210354298353195,0.4939489960670471,-0.8656060695648193,0,0.14852137863636017,0.86490398645401,0.4794609546661377,0,0,0.7455189824104309,0,1,0.9388020634651184,-0.10667691379785538,-0.3275219202041626,0,0.2339889109134674,-0.5002808570861816,0.8336470723152161,0,-0.2527841329574585,-0.859266996383667,-0.44470393657684326,0,0,0.7359690070152283,0,1,0.9971169829368591,0.07266277074813843,0.021880974993109703,0,-0.07587122917175293,0.9489339590072632,0.3062170445919037,0,0.0014869753504171968,-0.3069939613342285,0.9517099857330322,0,0,0.2858310043811798,0,1,-0.8827378153800964,0.2573612332344055,-0.3931131064891815,0,-0.46985480189323425,-0.4779939353466034,0.7421311736106873,0,0.0030901217833161354,0.8398139476776123,0.5428661704063416,0,-0.1705009937286377,-0.09342499822378159,0.014719000086188316,1,0.9954010248184204,0.07523041218519211,0.059300780296325684,0,0.0023704126942902803,0.5995211005210876,-0.8003559112548828,0,-0.09576322883367538,0.7968160510063171,0.5965858697891235,0,0,0.7471349835395813,0,1,0.9520268440246582,0.25146737694740295,-0.17438332736492157,0,0.1151483878493309,0.23359429836273193,0.9654918313026428,0,0.28352463245391846,-0.939254105091095,0.19343197345733643,0,0,0.7454230189323425,0,1,0.9942700266838074,-0.10689401626586914,-0.0003806548484135419,0,0.10470398515462875,0.9731699228286743,0.2048860639333725,0,-0.021530654281377792,-0.20375193655490875,0.9787859916687012,0,0,0.3230130076408386,0,1
K0.033,0.8122966289520264,0.061638928949832916,-0.5799785256385803,0,0.04473904147744179,0.9848849177360535,0.16733139753341675,0,0.5815261602401733,-0.16187037527561188,0.7972608804702759,0,-0.037947289645671844,1.3009908199310303,0.002053096191957593,1,0.9996200203895569,0.02422470971941948,0.013169866055250168,0,-0.025187553837895393,0.9965829849243164,0.07866816967725754,0,-0.011219145730137825,-0.07896995544433594,0.996813952922821,0,0,0.16157899796962738,-0.014773000031709671,1,0.9998829960823059,0.011012022383511066,0.010601035319268703,0,-0.013881620019674301,0.9445158839225769,0.3281722664833069,0,-0.006399004720151424,-0.3282809257507324,0.9445579648017883,0,0,0.1892949938774109,0,1,0.9999339580535889,0.008112489245831966,0.008167996071279049,0,-0.010352139361202717,0.9440259337425232,0.3297082185745239,0,-0.005036047659814358,-0.32977113127708435,0.9440479874610901,0,0,0.21633799374103546,0,1,0.9976249933242798,-0.00028238314553163946,0.06887688487768173,0,-0.00020694687555078417,0.9999750256538391,0.0070971776731312275,0,-0.06887716799974442,-0.007094575557857752,0.9976000189781189,0,0,0.24337999522686005,0,1,0.9460501670837402,0.10149355232715607,0.30771470069885254,0,0.1013069599866867,0.8094155192375183,-0.5784316658973694,0,-0.30777600407600403,0.5783987641334534,0.7554653882980347,0,0,0.15806099772453308,0.021291999146342278,1,0.1274067759513855,0.026657911017537117,-0.9914920330047607,0,0.9855700731277466,0.10891062021255493,0.12957407534122467,0,0.11143826693296432,-0.993694007396698,-0.012397315353155136,0,0.13107499480247498,0.2195959985256195,-0.0028830000665038824,1,0.42044755816459656,0.6039726138114929,0.6770828366279602,0,-0.8547312021255493,0.01329655759036541,0.5189008712768555,0,0.3043988049030304,-0.7968938946723938,0.521824300289154,0,0,0.25607699155807495,0,1,0.9044440388679504,0.3832140862941742,-0.1874259114265442,0,-0.37483108043670654,0.9236579537391663,0.07973826676607132,0,0.20367416739463806,-0.0018657437758520246,0.9790369272232056,0,0,0.394228994846344,0,1,0.9900550842285156,-0.013218244537711143,0.14005890488624573,0,0.001771721988916397,0.9966690540313721,0.08153791725635529,0,-0.1406700611114502,-0.08047883212566376,0.9867799878120422,0,0,0.34956198930740356,0,1,0.9147169589996338,-0.14111393690109253,0.37865421175956726,0,0.05565406009554863,0.972108006477356,0.22783391177654266,0,-0.40024375915527344,-0.18733008205890656,0.8970581293106079,0,0,0.06191499903798103,0,1,0.9798650145530701,-0.1993110030889511,-0.011849230155348778,0,0.19078700244426727,0.9521530270576477,-0.23875504732131958,0,0.05886876583099365,0.23168696463108063,0.9710070490837097,0,0,0.016459999606013298,0,1,0.9739481210708618,-0.10939185321331024,-0.1986447125673294,0,0.22343015670776367,0.3130291998386383,0.9230878949165344,0,-0.03879671171307564,-0.9434230923652649,0.329315721988678,0,-0.0014830000000074506,0.023576000705361366,0.010765999555587769,1,-0.21885992586612701,0.003180919447913766,0.9757509827613831,0,-0.9293771982192993,-0.30531448125839233,-0.20746299624443054,0,0.2972509264945984,-0.9522460103034973,0.06977733969688416,0,-0.13107499480247498,0.21946699917316437,-0.0014769999543204904,1,0.5816761255264282,-0.7976025342941284,-0.15963555872440338,0,0.7684204578399658,0.47443997859954834,0.42946138978004456,0,-0.2668018937110901,-0.3724745512008667,0.8888641595840454,0,0,0.25607699155807495,0,1,0.859192430973053,-0.45740145444869995,0.22928646206855774,0,0.44522637128829956,0.8891863822937012,0.10545774549245834,0,-0.25211483240127563,0.011475872248411179,0.967629075050354,0,0,0.39370399713516235,0,1,0.9834550619125366,0.18115182220935822,0.001065775752067566,0,-0.1799725443124771,0.9763480424880981,0.11981064081192017,0,0.02066333219408989,-0.11802010238170624,0.9927960634231567,0,0,0.34968000650405884,0,1,0.9547220468521118,0.10705569386482239,-0.27757006883621216,0,-0.050409313291311264,0.9777319431304932,0.20371390879154205,0,0.293197900056839,-0.18049806356430054,0.9388589859008789,0,0,0.029978999868035316,0,1,0.9942049384117126,0.10705624520778656,0.009770258329808712,0,-0.10674475133419037,0.9938859939575195,-0.028202177956700325,0,-0.01272974070161581,0.026995819061994553,0.9995540380477905,0,0,0.02031799964606762,0,1,0.9990789294242859,0.0358249694108963,-0.023618509992957115,0,-0.008802027441561222,0.7098169326782227,0.70433109998703,0,0.04199748858809471,-0.7034749388694763,0.7094789743423462,0,-0.000018999999156221747,0.029631000012159348,0.006326000206172466,1,-0.9398927688598633,-0.29874318838119507,0.16538850963115692,0,0.34071722626686096,-0.7883654236793518,0.5122416615486145,0,-0.022642146795988083,0.5378034114837646,0.8427667617797852,0,0.1705009937286377,-0.09342499822378159,0.0014019999653100967,1,0.9817530512809753,-0.1187112033367157,-0.14855258166790009,0,-0.0802520290017128,0.44957268238067627,-0.8896310925483704,0,0.17239443957805634,0.8853200674057007,0.43184274435043335,0,0,0.7455189824104309,0,1,0.9383861422538757,-0.14495790004730225,-0.3137158751487732,0,0.20958101749420166,-0.4830896854400635,0.850118100643158,0,-0.2747842073440552,-0.8634878396987915,-0.42294418811798096,0,0,0.7359690070152283,0,1,0.9970930218696594,0.07091788947582245,0.02787306345999241,0,-0.07613309472799301,0.9423739910125732,0.3257840573787689,0,-0.003162928158417344,-0.32695886492729187,0.945033073425293,0,0,0.2858310043811798,0,1,-0.8633716702461243,0.26076510548591614,-0.43196260929107666,0,-0.5035189986228943,-0.39006176590919495,0.7709221243858337,0,0.032537490129470825,0.8830934166908264,0.4680682420730591,0,-0.1705009937286377,-0.09342499822378159,0.014719000086188316,1,0.9974809885025024,0.0695650577545166,0.013836439698934555,0,-0.02116219885647297,0.47808605432510376,-0.8780575394630432,0,-0.06769716739654541,0.8755534291267395,0.47835418581962585,0,0,0.7471349835395813,0,1,0.9532530903816223,0.25215354561805725,-0.16651687026023865,0,0.1304427981376648,0.15369002521038055,0.9794711470603943,0,0.2725689113140106,-0.9554040431976318,0.11361376941204071,0,0,0.7454230189323425,0,1,0.9942739605903625,-0.10686098039150238,-0.0006700103404000401,0,0.10471000522375107,0.9729699492454529,0.2058272361755371,0,-0.02134299837052822,-0.20471879839897156,0.9785880446434021,0,0,0.3230130076408386,0,1
K0.067,0.7888211607933044,0.07345534861087799,-0.6102167367935181,0,0.06738924235105515,0.9765100479125977,0.20466162264347076,0,0.6109166741371155,-0.20256361365318298,0.7653422951698303,0,-0.06691471487283707,1.2795262336730957,0.011589907109737396,1,0.9992100596427917,0.037065114825963974,0.014367065392434597,0,-0.03815963864326477,0.99561607837677,0.08539454638957977,0,-0.011138923466205597,-0.08587532490491867,0.996243953704834,0,0,0.16157899796962738,-0.014773000031709671,1,0.9989350438117981,0.04237125441431999,0.018255777657032013,0,-0.046056117862463,0.9391849040985107,0.3403101861476898,0,-0.0027261816430836916,-0.3407885432243347,0.9401361346244812,0,0,0.1892949938774109,0,1,0.9991210103034973,0.03879138082265854,0.01590285822749138,0,-0.04189200699329376,0.9386901259422302,0.3422088921070099,0,-0.0016530988505110145,-0.34257394075393677,0.9394890069961548,0,0,0.21633799374103546,0,1,0.9970189929008484,0.028095785528421402,0.0718548446893692,0,-0.0277266688644886,0.9995970129966736,-0.006129664368927479,0,-0.07199808955192566,0.004119095392525196,0.9973959922790527,0,0,0.24337999522686005,0,1,0.9493739008903503,0.09019920974969864,0.3009202778339386,0,0.13143479824066162,0.7559794187545776,-0.6412645578384399,0,-0.2853310704231262,0.6483511924743652,0.7058517336845398,0,0,0.15806099772453308,0.021291999146342278,1,0.11681302636861801,0.02399553917348385,-0.9928640127182007,0,0.9849048852920532,0.12578535079956055,0.11891663074493408,0,0.12774115800857544,-0.9917669892311096,-0.008939973078668118,0,0.13107499480247498,0.2195959985256195,-0.0028830000665038824,1,0.3699907958507538,0.6184540390968323,0.6932684779167175,0,-0.8727697730064392,-0.024363553151488304,0.48752328753471375,0,0.31840142607688904,-0.7854433059692383,0.530754029750824,0,0,0.25607699155807495,0,1,0.9014571309089661,0.3887636959552765,-0.19036102294921875,0,-0.3801092207431793,0.9213369488716125,0.0815826803445816,0,0.2071029245853424,-0.0011853085597977042,0.9783179759979248,0,0,0.394228994846344,0,1,0.990227997303009,-0.010600193403661251,0.1390572190284729,0,0.0010238392278552055,0.9976329803466797,0.0687577947974205,0,-0.13945679366588593,-0.06794346123933792,0.9878939986228943,0,0,0.34956198930740356,0,1,0.9147170782089233,-0.1411140114068985,0.3786547780036926,0,0.05565398186445236,0.972108006477356,0.22783392667770386,0,-0.4002441465854645,-0.18733006715774536,0.8970579504966736,0,0,0.06191499903798103,0,1,0.9798650145530701,-0.19931092858314514,-0.01184923481196165,0,0.19078712165355682,0.9521540403366089,-0.23875507712364197,0,0.05886876583099365,0.23168697953224182,0.9710080027580261,0,0,0.016459999606013298,0,1,0.9739470481872559,-0.1093916967511177,-0.19864468276500702,0,0.22343029081821442,0.3130287826061249,0.923088014125824,0,-0.038796693086624146,-0.9434229731559753,0.3293151557445526,0,-0.0014830000000074506,0.023576000705361366,0.010765999555587769,1,-0.20945137739181519,0.003848590888082981,0.9778108596801758,0,-0.9348361492156982,-0.2940157949924469,-0.19908876717090607,0,0.28672581911087036,-0.9557930827140808,0.06517984718084335,0,-0.13107499480247498,0.21946699917316437,-0.0014769999543204904,1,0.525405764579773,-0.8320165276527405,-0.1780385822057724,0,0.8214406371116638,0.4414742588996887,0.36102139949798584,0,-0.22177617251873016,-0.33593061566352844,0.9154046773910522,0,0,0.25607699155807495,0,1,0.8983176350593567,-0.3933248519897461,0.19575518369674683,0,0.38461440801620483,0.9193989038467407,0.08232995122671127,0,-0.21235956251621246,0.001331817009486258,0.9771907925605774,0,0,0.39370399713516235,0,1,0.9882000088691711,0.14953704178333282,-0.0331537239253521,0,-0.1473865956068039,0.9872648119926453,0.0598796047270298,0,0.04168572649359703,-0.054286617785692215,0.9976549744606018,0,0,0.34968000650405884,0,1,0.954721987247467,0.10705621540546417,-0.2775701582431793,0,-0.05040979012846947,0.9777320027351379,0.20371410250663757,0,0.2931978404521942,-0.1804979145526886,0.9388580918312073,0,0,0.029978999868035316,0,1,0.9942049384117126,0.10705625265836716,0.00977075845003128,0,-0.10674474388360977,0.9938859939575195,-0.028202204033732414,0,-0.012730240821838379,0.026995791122317314,0.9995539784431458,0,0,0.02031799964606762,0,1,0.9990789294242859,0.03582517430186272,-0.0236190315335989,0,-0.008801821619272232,0.7098172307014465,0.7043308019638062,0,0.04199796915054321,-0.7034741640090942,0.7094787359237671,0,-0.000018999999156221747,0.029631000012159348,0.006326000206172466,1,-0.9283900260925293,-0.31143292784690857,0.2027326077222824,0,0.37077561020851135,-0.7398715019226074,0.5613504648208618,0,-0.024826955050230026,0.5963214635848999,0.8023625016212463,0,0.1705009937286377,-0.09342499822378159,0.0014019999653100967,1,0.9811800718307495,-0.12971825897693634,-0.143038809299469,0,-0.07555440068244934,0.4237980842590332,-0.9025998711585999,0,0.17770318686962128,0.8964198231697083,0.4060212969779968,0,0,0.7455189824104309,0,1,0.9420120716094971,-0.169496089220047,-0.2896276116371155,0,0.18074800074100494,-0.47090789675712585,0.8634669184684753,0,-0.28274232149124146,-0.8657461404800415,-0.41296496987342834,0,0,0.7359690070152283,0,1,0.997096061706543,0.07106297463178635,0.027390969917178154,0,-0.07610803097486496,0.9429179430007935,0.3242109715938568,0,-0.0027880396228283644,-0.32535406947135925,0.9455879330635071,0,0,0.2858310043811798,0,1,-0.8519511818885803,0.25128287076950073,-0.45938777923583984,0,-0.5210680365562439,-0.32030385732650757,0.7911346554756165,0,0.05165490508079529,0.9133798480033875,0.40381842851638794,0,-0.1705009937286377,-0.09342499822378159,0.014719000086188316,1,0.9972800016403198,0.07184233516454697,-0.016452588140964508,0,-0.04340943694114685,0.39215776324272156,-0.9188727736473083,0,-0.05956195667386055,0.9170876145362854,0.39420974254608154,0,0,0.7471349835395813,0,1,0.957055926322937,0.240983247756958,-0.16115359961986542,0,0.14127005636692047,0.09774347394704819,0.9851338863372803,0,0.2531525790691376,-0.9655948281288147,0.05950228124856949,0,0,0.7454230189323425,0,1,0.994280993938446,-0.10678686201572418,-0.001330003491602838,0,0.10472715646028519,0.9725130796432495,0.20797011256217957,0,-0.020915014669299126,-0.206919863820076,0.9781339764595032,0,0,0.3230130076408386,0,1
K0.100,0.7838610410690308,0.082054004073143,-0.6154908537864685,0,0.08373600989580154,0.9682071208953857,0.23571863770484924,0,0.6152641773223877,-0.23630933463573456,0.7520687580108643,0,-0.08967699855566025,1.2680989503860474,0.017643000930547714,1,0.9987940192222595,0.04656205326318741,0.015566060319542885,0,-0.04779393970966339,0.9946679472923279,0.0913861021399498,0,-0.011227939277887344,-0.09201987087726593,0.9956939816474915,0,0,0.16157899796962738,-0.014773000031709671,1,0.9977059960365295,0.0644029900431633,0.020855853334069252,0,-0.06762301176786423,0.9338819980621338,0.35112902522087097,0,0.003136854851618409,-0.3517339825630188,0.9360949993133545,0,0,0.1892949938774109,0,1,0.9980689883232117,0.05931197851896286,0.018470192328095436,0,-0.0620100237429142,0.9334390759468079,0.35333487391471863,0,0.003716194536536932,-0.3537980914115906,0.9353148937225342,0,0,0.21633799374103546,0,1,0.9959810376167297,0.05576564744114876,0.07008738815784454,0,-0.05591336637735367,0.9984359741210938,0.0001458874758100137,0,-0.06996961683034897,-0.004064121749252081,0.997541069984436,0,0,0.24337999522686005,0,1,0.9577569365501404,0.09448826313018799,0.2716129720211029,0,0.1187412440776825,0.7302778363227844,-0.6727511882781982,0,-0.2619200646877289,0.6765838861465454,0.6882091164588928,0,0,0.15806099772453308,0.021291999146342278,1,0.11631790548563004,0.023919297382235527,-0.9929239749908447,0,0.9852310419082642,0.12370110303163528,0.11839664727449417,0,0.12565775215625763,-0.9920310378074646,-0.009177396073937416,0,0.13107499480247498,0.2195959985256195,-0.0028830000665038824,1,0.32708364725112915,0.6394239068031311,0.6958112716674805,0,-0.8867598176002502,-0.046804383397102356,0.45985522866249084,0,0.32660940289497375,-0.7674285769462585,0.5517064332962036,0,0,0.25607699155807495,0,1,0.9137519598007202,0.3652552366256714,-0.17789098620414734,0,-0.3577187657356262,0.9308990836143494,0.07391916215419769,0,0.19259801506996155,-0.003908837679773569,0.9812699556350708,0,0,0.394228994846344,0,1,0.9904079437255859,-0.008389034308493137,0.13791917264461517,0,0.0002639658050611615,0.9982680678367615,0.058824822306632996,0,-0.13817381858825684,-0.058224182575941086,0.9886950850486755,0,0,0.34956198930740356,0,1,0.9147170186042786,-0.14111405611038208,0.37865498661994934,0,0.05565394088625908,0.972108006477356,0.22783401608467102,0,-0.40024399757385254,-0.187329962849617,0.8970569968223572,0,0,0.06191499903798103,0,1,0.9798650145530701,-0.1993110626935959,-0.011849632486701012,0,0.1907869428396225,0.9521530270576477,-0.23875609040260315,0,0.058869365602731705,0.23168787360191345,0.9710069298744202,0,0,0.016459999606013298,0,1,0.9739479422569275,-0.10939214378595352,-0.1986442357301712,0,0.2234298288822174,0.3130287826061249,0.9230881333351135,0,-0.03879723697900772,-0.9434228539466858,0.3293152451515198,0,-0.0014830000000074506,0.023576000705361366,0.010765999555587769,1,-0.19421102106571198,0.00390500295907259,0.9809520244598389,0,-0.9415538907051086,-0.2813231647014618,-0.18529100716114044,0,0.27524101734161377,-0.9596049785614014,0.05831283703446388,0,-0.13107499480247498,0.21946699917316437,-0.0014769999543204904,1,0.43670353293418884,-0.8752561211585999,-0.20788750052452087,0,0.8815678954124451,0.37032029032707214,0.2927481532096863,0,-0.17924447357654572,-0.31111079454421997,0.9333170056343079,0,0,0.25607699155807495,0,1,0.9340499639511108,-0.3207833468914032,0.15700086951255798,0,0.3152196407318115,0.9471311569213867,0.05982770025730133,0,-0.16789214313030243,-0.006392302457243204,0.9857850074768066,0,0,0.39370399713516235,0,1,0.9798380136489868,0.1984419971704483,-0.023184798657894135,0,-0.19628004729747772,0.9777739644050598,0.07370233535766602,0,0.037295155227184296,-0.06766568869352341,0.9970110058784485,0,0,0.34968000650405884,0,1,0.9547220468521118,0.10705569386482239,-0.27757006883621216,0,-0.050409313291311264,0.9777319431304932,0.20371390879154205,0,0.293197900056839,-0.18049806356430054,0.9388589859008789,0,0,0.029978999868035316,0,1,0.9942049384117126,0.10705624520778656,0.009770785458385944,0,-0.10674473643302917,0.9938859939575195,-0.02820170670747757,0,-0.012730213813483715,0.02699529193341732,0.9995539784431458,0,0,0.02031799964606762,0,1,0.9990789294242859,0.03582467511296272,-0.023619236424565315,0,-0.008801322430372238,0.7098172307014465,0.7043308019638062,0,0.0419977642595768,-0.703474223613739,0.7094787359237671,0,-0.000018999999156221747,0.029631000012159348,0.006326000206172466,1,-0.9202819466590881,-0.318325012922287,0.2274882197380066,0,0.3906659781932831,-0.7156738042831421,0.5789572596549988,0,-0.021489223465323448,0.6216756701469421,0.78298020362854,0,0.1705009937286377,-0.09342499822378159,0.0014019999653100967,1,0.9814420342445374,-0.13058580458164215,-0.1404210925102234,0,-0.07200179994106293,0.42774632573127747,-0.9010269045829773,0,0.1777259111404419,0.894416093826294,0.4104057252407074,0,0,0.7455189824104309,0,1,0.9442248344421387,-0.19040659070014954,-0.2686711847782135,0,0.1525873988866806,-0.470025897026062,0.8693631887435913,0,-0.2918151915073395,-0.8618710041046143,-0.4147569239139557,0,0,0.7359690070152283,0,1,0.9971129894256592,0.07224100083112717,0.023372052237391472,0,-0.07592698931694031,0.9473428726196289,0.31108924746513367,0,0.00033205238287337124,-0.3119657337665558,0.9500930309295654,0,0,0.2858310043811798,0,1,-0.8499680757522583,0.233846053481102,-0.47209203243255615,0,-0.5231959819793701,-0.2695300579071045,0.8084679841995239,0,0.06181403249502182,0.9341680407524109,0.3514389395713806,0,-0.1705009937286377,-0.09342499822378159,0.014719000086188316,1,0.9960619807243347,0.08131007105112076,-0.035337015986442566,0,-0.06091693043708801,0.33809712529182434,-0.9391380548477173,0,-0.06441401690244675,0.9375921487808228,0.34171876311302185,0,0,0.7471349835395813,0,1,0.9622040390968323,0.22049596905708313,-0.15983009338378906,0,0.15018396079540253,0.05995093286037445,0.9868389368057251,0,0.22717590630054474,-0.9735440015792847,0.024570059031248093,0,0,0.7454230189323425,0,1,0.9942920207977295,-0.10666605085134506,-0.002363380044698715,0,0.10475394874811172,0.9717860221862793,0.2113238126039505,0,-0.020244380459189415,-0.2103651911020279,0.9774129390716553,0,0,0.3230130076408386,0,1
K0.133,0.790438175201416,0.087989941239357,-0.6061888933181763,0,0.09432297945022583,0.9603408575057983,0.2623882293701172,0,0.6052358150482178,-0.2645793557167053,0.7507909536361694,0,-0.106265127658844,1.2651959657669067,0.019615978002548218,1,0.9983810186386108,0.05429410561919212,0.0169391930103302,0,-0.05566801875829697,0.9938809275627136,0.09540122747421265,0,-0.011655825190246105,-0.09618981182575226,0.995294988155365,0,0,0.16157899796962738,-0.014773000031709671,1,0.9967320561408997,0.07842807471752167,0.019352678209543228,0,-0.08014307916164398,0.9300339221954346,0.358627051115036,0,0.010127780959010124,-0.35900598764419556,0.9332799315452576,0,0,0.1892949938774109,0,1,0.9973509907722473,0.07075286656618118,0.016857877373695374,0,-0.07205823063850403,0.9296759366989136,0.3612620532512665,0,0.009887969121336937,-0.36152002215385437,0.9323120713233948,0,0,0.21633799374103546,0,1,0.9948499798774719,0.07546793669462204,0.06765986979007721,0,-0.07725328207015991,0.9967189431190491,0.024166563525795937,0,-0.06561407446861267,-0.029269052669405937,0.9974159598350525,0,0,0.24337999522686005,0,1,0.9652579426765442,0.1108071431517601,0.23664000630378723,0,0.08060256391763687,0.7352022528648376,-0.6730388402938843,0,-0.2485557347536087,0.6687297224998474,0.7007283568382263,0,0,0.15806099772453308,0.021291999146342278,1,0.1266031265258789,0.026766633614897728,-0.9915919303894043,0,0.9854661226272583,0.11074879765510559,0.12881048023700714,0,0.11326539516448975,-0.9934880137443542,-0.012356437742710114,0,0.13107499480247498,0.2195959985256195,-0.0028830000665038824,1,0.2954026758670807,0.6658999919891357,0.6850651502609253,0,-0.8955211043357849,-0.05681512504816055,0.44137775897979736,0,0.3328355550765991,-0.7438746094703674,0.5795442461967468,0,0,0.25607699155807495,0,1,0.9329472184181213,0.3244415819644928,-0.15603852272033691,0,-0.3186447024345398,0.9458740949630737,0.06153751537203789,0,0.16755807399749756,-0.007690407335758209,0.9858319759368896,0,0,0.394228994846344,0,1,0.9905019402503967,-0.00784964207559824,0.13727693259716034,0,-0.000035622222640085965,0.9983540177345276,0.0573439784348011,0,-0.137501060962677,-0.05680419132113457,0.9888709783554077,0,0,0.34956198930740356,0,1,0.9147170782089233,-0.1411140114068985,0.3786547780036926,0,0.05565398186445236,0.972108006477356,0.22783392667770386,0,-0.4002441465854645,-0.18733006715774536,0.8970579504966736,0,0,0.06191499903798103,0,1,0.9798650145530701,-0.19931092858314514,-0.011848734691739082,0,0.19078704714775085,0.9521530270576477,-0.238755002617836,0,0.05886827036738396,0.23168699443340302,0.9710069894790649,0,0,0.016459999606013298,0,1,0.9739479422569275,-0.1093921884894371,-0.19864404201507568,0,0.22342979907989502,0.3130300045013428,0.9230880737304688,0,-0.0387970469892025,-0.9434219002723694,0.3293161392211914,0,-0.0014830000000074506,0.023576000705361366,0.010765999555587769,1,-0.17387092113494873,0.0033467577304691076,0.9847630262374878,0,-0.9490290880203247,-0.26752808690071106,-0.16665247082710266,0,0.26289382576942444,-0.9635441303253174,0.04969145357608795,0,-0.13107499480247498,0.21946699917316437,-0.0014769999543204904,1,0.3400520086288452,-0.9045813083648682,-0.2570943534374237,0,0.9311363101005554,0.28558042645454407,0.2267807275056839,0,-0.1317204087972641,-0.31650692224502563,0.9394001364707947,0,0,0.25607699155807495,0,1,0.9541330933570862,-0.2699735164642334,0.12939973175525665,0,0.2661669850349426,0.9628199338912964,0.0461912676692009,0,-0.13705900311470032,-0.009630680084228516,0.9905160069465637,0,0,0.39370399713516235,0,1,0.9403653144836426,0.3257063925266266,0.09812213480472565,0,-0.33766621351242065,0.9286815524101257,0.153401181101799,0,-0.04116049036383629,-0.17738579213619232,0.9832806587219238,0,0,0.34968000650405884,0,1,0.9547221064567566,0.1070561558008194,-0.27756959199905396,0,-0.05040986090898514,0.9777320623397827,0.2037140130996704,0,0.2931974530220032,-0.18049798905849457,0.9388588666915894,0,0,0.029978999868035316,0,1,0.9942049384117126,0.10705625265836716,0.009770731441676617,0,-0.10674474388360977,0.9938860535621643,-0.028202706947922707,0,-0.012730267830193043,0.026996292173862457,0.9995539784431458,0,0,0.02031799964606762,0,1,0.9990789294242859,0.0358249805867672,-0.02361852116882801,0,-0.008802015334367752,0.7098166942596436,0.7043313384056091,0,0.041997477412223816,-0.7034747004508972,0.7094782590866089,0,-0.000018999999156221747,0.029631000012159348,0.006326000206172466,1,-0.917057991027832,-0.32113295793533325,0.23638708889484406,0,0.3983721137046814,-0.7118822336196899,0.5783796906471252,0,-0.0174570232629776,0.6245779991149902,0.7807679176330566,0,0.1705009937286377,-0.09342499822378159,0.0014019999653100967,1,0.9826198816299438,-0.12306507676839828,-0.1389743983745575,0,-0.07008720934391022,0.44729068875312805,-0.8916386365890503,0,0.1718914955854416,0.8858819603919983,0.43089133501052856,0,0,0.7455189824104309,0,1,0.9425238370895386,-0.21386964619159698,-0.2567271888256073,0,0.13165445625782013,-0.4684748649597168,0.8736121654510498,0,-0.3071094751358032,-0.8571999073028564,-0.41339197754859924,0,0,0.7359690070152283,0,1,0.9971150159835815,0.07246066629886627,0.02259904518723488,0,-0.07589733600616455,0.9481710195541382,0.3085649609565735,0,0.0009310657042078674,-0.30938994884490967,0.9509350657463074,0,0,0.2858310043811798,0,1,-0.8548170924186707,0.21509169042110443,-0.4722539782524109,0,-0.5146910548210144,-0.23533795773983002,0.8244450688362122,0,0.06619199365377426,0.9478141665458679,0.31187647581100464,0,-0.1705009937286377,-0.09342499822378159,0.014719000086188316,1,0.9946799874305725,0.09197521954774857,-0.046395331621170044,0,-0.0728919729590416,0.3101557195186615,-0.947887122631073,0,-0.07279232889413834,0.9462260603904724,0.31520986557006836,0,0,0.7471349835395813,0,1,0.9667892456054688,0.19829732179641724,-0.16123665869235992,0,0.15714256465435028,0.03631928935647011,0.9869081377983093,0,0.2015571892261505,-0.9794690608978271,0.003952150698751211,0,0,0.7454230189323425,0,1,0.994297981262207,-0.1065908819437027,-0.00299534248188138,0,0.10477211326360703,0.9713360667228699,0.21337483823299408,0,-0.01983434334397316,-0.21247215569019318,0.9769659042358398,0,0,0.3230130076408386,0,1
