2.900,30,86,33
B0,mixamorig_Hips,-1,0.9673750996589661,-0.0369466096162796,-0.25064077973365784,0,0.11335436999797821,0.9478815197944641,0.2977775037288666,0,0.2265757918357849,-0.3164736032485962,0.9211446046829224,0,-0.11541201174259186,1.3109886646270752,-0.004482284653931856,1
B1,mixamorig_Spine,0,0.9995333552360535,-0.03055453673005104,-0.00045357621274888515,0,0.030555997043848038,0.99919593334198,0.025949163362383842,0,-0.0003396531392354518,-0.02595091052353382,0.9996631741523743,0,0,0.16157899796962738,-0.014773000031709671,1
B2,mixamorig_Spine1,1,0.9997705817222595,-0.01782413013279438,0.011878021992743015,0,0.015067625790834427,0.9793878197669983,0.20142796635627747,0,-0.015223461203277111,-0.20120269060134888,0.9794312715530396,0,0,0.1892949938774109,0,1
B3,mixamorig_Spine2,2,0.999836266040802,-0.01569642685353756,0.009018102660775185,0,0.013557212427258492,0.9793804883956909,0.20157021284103394,0,-0.011996082030236721,-0.20141486823558807,0.9794325828552246,0,0,0.21633799374103546,0,1
B4,mixamorig_Neck,3,0.9743244647979736,-0.21487297117710114,-0.06724182516336441,0,0.22456394135951996,0.9489517211914062,0.22149989008903503,0,0.016214899718761444,-0.23091275990009308,0.9728392362594604,0,0,0.24337999522686005,0,1
B5,mixamorig_Head,4,0.9858224391937256,-0.11307649314403534,0.12396659702062607,0,0.14181160926818848,0.956389844417572,-0.2553579807281494,0,-0.08968543261289597,0.269317626953125,0.9588664174079895,0,0,0.15806099772453308,0.021291999146342278,1
B6,mixamorig_HeadTop_End,5,1,0,0,0,0,1,0,0,0,0,1,0,0,0.3098770081996918,0.041742000728845596,1
B7,mixamorig_LeftShoulder,3,-0.10400868207216263,-0.00006935204146429896,-0.9945762753486633,0,0.9239320158958435,-0.3701607584953308,-0.09659520536661148,0,-0.3681464195251465,-0.9289675354957581,0.0385640412569046,0,0.13107499480247498,0.2195959985256195,-0.0028830000665038824,1
B8,mixamorig_LeftArm,7,0.9932589530944824,-0.10964195430278778,-0.037612367421388626,0,0.11562551558017731,0.9142962694168091,0.38819268345832825,0,-0.008173353970050812,-0.3899247646331787,0.9208102226257324,0,0,0.25607699155807495,0,1
B9,mixamorig_LeftForeArm,8,0.18253150582313538,0.9691945314407349,0.1653604805469513,0,-0.964209794998169,0.14356020092964172,0.22291241586208344,0,0.1923063099384308,-0.20013073086738586,0.9607111215591431,0,0,0.394228994846344,0,1
B10,mixamorig_LeftHand,9,0.9974939823150635,0.05829176306724548,-0.040097177028656006,0,-0.0373796746134758,0.9153794646263123,0.40085312724113464,0,0.06007055938243866,-0.39834973216056824,0.9152643084526062,0,0,0.34956198930740356,0,1
B11,mixamorig_LeftHandIndex1,10,0.8607873320579529,-0.2564825415611267,0.43961483240127563,0,0.038323838263750076,0.8939547538757324,0.4465161859989166,0,-0.5075193643569946,-0.3675077557563782,0.7793343663215637,0,0,0.06191499903798103,0,1
B12,mixamorig_LeftHandIndex2,11,0.9073894619941711,-0.4084312915802002,-0.09913564473390579,0,0.414186030626297,0.9090340733528137,0.04589734971523285,0,0.07137177884578705,-0.08270738273859024,0.9940146803855896,0,0,0.016459999606013298,0,1
B13,mixamorig_LeftHandIndex3,12,0.8132129907608032,-0.2714839279651642,-0.5147635340690613,0,0.41735318303108215,-0.34439295530319214,0.8409573435783386,0,-0.4055873155593872,-0.8987155556678772,-0.16676011681556702,0,-0.0014830000000074506,0.023576000705361366,0.010765999555587769,1
B14,mixamorig_LeftHandIndex4,13,1,0,0,0,0,1,0,0,0,0,1,0,-0.00101500004529953,0.006810000166296959,-0.004865000024437904,1
B15,mixamorig_RightShoulder,3,0.5083167552947998,-0.10637357831001282,0.8545751571655273,0,-0.8508543372154236,-0.21517403423786163,0.47931966185569763,0,0.13289538025856018,-0.9707647562026978,-0.19988490641117096,0,-0.13107499480247498,0.21946699917316437,-0.0014769999543204904,1
B16,mixamorig_RightArm,15,0.9149251580238342,-0.39808982610702515,0.06661214679479599,0,0.2919797897338867,0.7667223811149597,0.5717383027076721,0,-0.27867618203163147,-0.5036483407020569,0.8177277445793152,0,0,0.25607699155807495,0,1
B17,mixamorig_RightForeArm,16,-0.15518119931221008,-0.9712231159210205,-0.1806776523590088,0,0.9861206412315369,-0.16322119534015656,0.03042328916490078,0,-0.05903821066021919,-0.17344877123832703,0.9830717444419861,0,0,0.39370399713516235,0,1
B18,mixamorig_RightHand,17,0.9125441312789917,-0.30338311195373535,-0.2742652893066406,0,0.36890989542007446,0.9000992774963379,0.23178888857364655,0,0.17654520273208618,-0.3126968443393707,0.9333015084266663,0,0,0.34968000650405884,0,1
B19,mixamorig_RightHandIndex1,18,0.9478134512901306,0.1153191551566124,-0.29724007844924927,0,-0.1205010637640953,0.9927131533622742,0.0008959544938988984,0,0.29517725110054016,0.03496852144598961,0.9548023343086243,0,0,0.029978999868035316,0,1
B20,mixamorig_RightHandIndex2,19,0.8360457420349121,0.4827058017253876,0.2608119249343872,0,-0.5201250910758972,0.545985758304596,0.6567870378494263,0,0.1746353656053543,-0.6847589612007141,0.7075366377830505,0,0,0.02031799964606762,0,1
B21,mixamorig_RightHandIndex3,20,0.9944620728492737,0.10484649986028671,-0.007229621056467295,0,-0.060728732496500015,0.6294257640838623,0.7746836543083191,0,0.08577339351177216,-0.7699545621871948,0.6323074102401733,0,-0.000018999999156221747,0.029631000012159348,0.006326000206172466,1
B22,mixamorig_RightHandIndex4,21,1,0,0,0,0,1,0,0,0,0,1,0,-0.0022299999836832285,0.02442299947142601,-0.010110000148415565,1
B23,mixamorig_LeftUpLeg,0,-0.9531158804893494,-0.2403751164674759,0.18382075428962708,0,0.25055521726608276,-0.2862527668476105,0.9248145222663879,0,-0.16968318819999695,0.9275124669075012,0.3330591022968292,0,0.1705009937286377,-0.09342499822378159,0.0014019999653100967,1
B24,mixamorig_LeftLeg,23,0.9984674453735352,0.04158983379602432,0.03652118146419525,0,0.01491196732968092,0.4333034157752991,-0.9011244773864746,0,-0.0533023476600647,0.9002876281738281,0.4320189952850342,0,0,0.7455189824104309,0,1
B25,mixamorig_LeftFoot,24,0.9700748920440674,-0.24278418719768524,-0.003226563101634383,0,0.034358635544776917,0.12410508096218109,0.9916740655899048,0,-0.24036242067813873,-0.9621092677116394,0.12873299419879913,0,0,0.7359690070152283,0,1
B26,mixamorig_LeftToeBase,25,0.997075617313385,0.07566817849874496,0.010723289102315903,0,-0.0756462886929512,0.9571933746337891,0.27939119935035706,0,0.010876751504838467,-0.2793850898742676,0.9601172804832458,0,0,0.2858310043811798,0,1
B27,mixamorig_LeftToe_End,26,1,0,0,0,0,1,0,0,0,0,1,0,0,0.137580007314682,0,1
B28,mixamorig_RightUpLeg,0,-0.8943253755569458,0.09249541908502579,-0.4377516806125641,0,-0.387966513633728,-0.6476486921310425,0.6557685732841492,0,-0.2228538542985916,0.7563039660453796,0.6150942444801331,0,-0.1705009937286377,-0.09342499822378159,0.014719000086188316,1
B29,mixamorig_RightLeg,28,0.9349138736724854,-0.3349406123161316,-0.11726167798042297,0,-0.08228781074285507,0.1168159693479538,-0.9897386431694031,0,0.3452018201351166,0.9349699020385742,0.08165136724710464,0,0,0.7471349835395813,0,1
B30,mixamorig_RightFoot,29,0.8445212841033936,0.5315105319023132,-0.06541963666677475,0,0.1895761787891388,-0.18247376382350922,0.9647612571716309,0,0.5008435249328613,-0.827163577079773,-0.25486475229263306,0,0,0.7454230189323425,0,1
B31,mixamorig_RightToeBase,30,0.9941765069961548,-0.09716501832008362,-0.04660511389374733,0,0.10594625025987625,0.9603732824325562,0.257795512676239,0,0.019709601998329163,-0.261231929063797,0.9650749564170837,0,0,0.3230130076408386,0,1
B32,mixamorig_RightToe_End,31,1,0,0,0,0,1,0,0,0,0,1,0,0,0.13775800168514252,0,1
@28,0,1,2,3,4,5,7,8,9,10,11,12,13,15,16,17,18,19,20,21,23,24,25,26,28,29,30,31
K0,0.9465940594673157,-0.04587402939796448,0.3191489577293396,0,-0.019193027168512344,0.9800549745559692,0.19779817759990692,0,-0.3218570649623871,-0.1933598518371582,0.9268329739570618,0,0.0055519999004900455,1.4210729598999023,-0.0296580009162426,1,0.9997439980506897,0.017716005444526672,0.014093023724853992,0,-0.016984988003969193,0.9985849857330322,-0.050400640815496445,0,-0.01496597658842802,0.05014835670590401,0.9986299872398376,0,0,0.16157899796962738,-0.014773000031709671,1,0.9994580149650574,0.020655913278460503,0.025632385164499283,0,-0.023807091638445854,0.9913010001182556,0.12944398820400238,0,-0.022735614329576492,-0.12998399138450623,0.991254985332489,0,0,0.1892949938774109,0,1,0.9994840025901794,0.02159399725496769,0.02377089112997055,0,-0.02449999935925007,0.991256058216095,0.12966179847717285,0,-0.020763108506798744,-0.13017719984054565,0.9912729263305664,0,0,0.21633799374103546,0,1,0.9974240064620972,-0.04229293391108513,-0.05794093757867813,0,0.04160607233643532,0.9990490078926086,-0.01301010511815548,0,0.058436065912246704,0.010565894655883312,0.9982349872589111,0,0,0.24337999522686005,0,1,0.9677609801292419,-0.11626496911048889,-0.22343014180660248,0,0.020642036572098732,0.9207121133804321,-0.38969680666923523,0,0.2510228455066681,0.37252122163772583,0.8934289216995239,0,0,0.15806099772453308,0.021291999146342278,1,-0.12451446801424026,0.014083107002079487,-0.9921180009841919,0,0.938624918460846,-0.32249999046325684,-0.12237883359193802,0,-0.3216816782951355,-0.9464650750160217,0.026937253773212433,0,0.13107499480247498,0.2195959985256195,-0.0028830000665038824,1,0.9461761116981506,0.3226957321166992,0.02485796809196472,0,-0.24824030697345734,0.6742900013923645,0.6954928636550903,0,0.20767098665237427,-0.664229154586792,0.7181028723716736,0,0,0.25607699155807495,0,1,0.10923011600971222,0.9808279871940613,0.16138502955436707,0,-0.9935770034790039,0.10290784388780594,0.04705291613936424,0,0.029543034732341766,-0.1654880791902542,0.9857689738273621,0,0,0.394228994846344,0,1,0.9213289022445679,0.06170196086168289,-0.3838562071323395,0,-0.22554901242256165,0.889021098613739,-0.39845773577690125,0,0.3166707456111908,0.45368921756744385,0.8329979181289673,0,0,0.34956198930740356,0,1,0.8251311182975769,-0.005637687165290117,0.5649128556251526,0,-0.1430966854095459,0.965255081653595,0.2186448872089386,0,-0.5465181469917297,-0.26124808192253113,0.7956558465957642,0,0,0.06191499903798103,0,1,0.9614769220352173,-0.273386150598526,-0.02866790071129799,0,0.26644182205200195,0.9525120258331299,-0.14740897715091705,0,0.06760609894990921,0.13409201800823212,0.9886599779129028,0,0,0.016459999606013298,0,1,0.8854392766952515,-0.24378187954425812,-0.39568549394607544,0,0.3808121383190155,-0.10749292373657227,0.9183830618858337,0,-0.2664184868335724,-0.9638542532920837,-0.0023433687165379524,0,-0.0014830000000074506,0.023576000705361366,0.010765999555587769,1,0.05425555631518364,-0.031458910554647446,0.9980310797691345,0,-0.9450540542602539,-0.32431507110595703,0.04115287587046623,0,0.3223818838596344,-0.9454260468482971,-0.047326285392045975,0,-0.13107499480247498,0.21946699917316437,-0.0014769999543204904,1,0.9454269409179688,-0.26513129472732544,-0.18940505385398865,0,0.31275463104248047,0.575356125831604,0.7557440400123596,0,-0.09139605611562729,-0.7737378478050232,0.6268780827522278,0,0,0.25607699155807495,0,1,0.03937997296452522,-0.9857739210128784,-0.16339901089668274,0,0.9985820055007935,0.03296400234103203,0.041793882846832275,0,-0.03581302985548973,-0.1648131012916565,0.9856739640235901,0,0,0.39370399713516235,0,1,0.8990300297737122,-0.15830709040164948,0.40826883912086487,0,0.12704689800739288,0.9865580201148987,0.10277576744556427,0,-0.41905108094215393,-0.040529221296310425,0.9070579409599304,0,0,0.34968000650405884,0,1,0.9632650017738342,-0.08346398919820786,-0.25525200366973877,0,-0.015286991372704506,0.9318950772285461,-0.36240696907043457,0,0.2681159973144531,0.35299599170684814,0.8963860273361206,0,0,0.029978999868035316,0,1,0.9214349389076233,0.36836034059524536,0.12356171756982803,0,-0.38444966077804565,0.8184401988983154,0.42702898383140564,0,0.05617271736264229,-0.44098299741744995,0.8957560062408447,0,0,0.02031799964606762,0,1,0.9994019865989685,0.0028305870946496725,-0.03446301817893982,0,0.02067558653652668,0.7499480843544006,0.6611729264259338,0,0.027716979384422302,-0.6614900231361389,0.7494410276412964,0,-0.000018999999156221747,0.029631000012159348,0.006326000206172466,1,-0.888005256652832,-0.2178748995065689,0.4049416780471802,0,0.4488421082496643,-0.6020817160606384,0.6603312492370605,0,0.09993836283683777,0.7681326866149902,0.6324432492256165,0,0.1705009937286377,-0.09342499822378159,0.0014019999653100967,1,0.9947109818458557,0.05807986482977867,0.08471371978521347,0,0.040102869272232056,0.539695143699646,-0.840904951095581,0,-0.09455928206443787,0.8398551344871521,0.5345118045806885,0,0,0.7455189824104309,0,1,0.9208261370658875,-0.3495705723762512,0.1728571206331253,0,-0.1657225787639618,0.05046725645661354,0.9848800301551819,0,-0.35300886631011963,-0.9355500340461731,-0.011460171081125736,0,0,0.7359690070152283,0,1,0.9969940781593323,0.07744571566581726,0.002233256585896015,0,-0.07568328827619553,0.9673280119895935,0.2419702410697937,0,0.01657925732433796,-0.24141179025173187,0.9702810645103455,0,0,0.2858310043811798,0,1,-0.9256910085678101,0.16641207039356232,-0.33971139788627625,0,-0.353223979473114,-0.7016591429710388,0.6187949180603027,0,-0.1353866308927536,0.6928069591522217,0.7083000540733337,0,-0.1705009937286377,-0.09342499822378159,0.014719000086188316,1,0.9920320510864258,-0.06809786707162857,-0.10599915683269501,0,-0.058506861329078674,0.4961167573928833,-0.8662821054458618,0,0.11157986521720886,0.8655808568000793,0.4881792664527893,0,0,0.7471349835395813,0,1,0.9373849034309387,0.32716917991638184,-0.11945738643407822,0,0.1604061722755432,-0.10108458995819092,0.9818609952926636,0,0.3091595768928528,-0.9395440816879272,-0.14723524451255798,0,0,0.7454230189323425,0,1,0.9942370057106018,-0.10719887167215347,0.000558123632799834,0,0.10475011169910431,0.9726059436798096,0.2075212001800537,0,-0.02278887666761875,-0.20626682043075562,0.9782300591468811,0,0,0.3230130076408386,0,1
K0.034,0.9486117362976074,-0.048578355461359024,0.3126917779445648,0,-0.016503985971212387,0.9792065024375916,0.20219308137893677,0,-0.3160121738910675,-0.19696348905563354,0.928085446357727,0,0.0018203799845650792,1.430741548538208,-0.031530577689409256,1,0.9998198747634888,0.016360510140657425,0.009588303975760937,0,-0.015835236757993698,0.9984943270683289,-0.052510980516672134,0,-0.010432976298034191,0.05234970897436142,0.998573899269104,0,0,0.16157899796962738,-0.014773000031709671,1,0.9995613694190979,0.01972281001508236,0.02210812084376812,0,-0.02238411083817482,0.9915947318077087,0.12743087112903595,0,-0.01940898969769478,-0.12786975502967834,0.9916006326675415,0,0,0.1892949938774109,0,1,0.9995741844177246,0.02059144526720047,0.0206849854439497,0,-0.02306763455271721,0.9915517568588257,0.12764479219913483,0,-0.017881838604807854,-0.12806758284568787,0.9916044473648071,0,0,0.21633799374103546,0,1,0.9977402091026306,-0.037652887403964996,-0.0556439571082592,0,0.036988265812397,0.9992315769195557,-0.01292633730918169,0,0.056087955832481384,0.01083896029740572,0.9983670115470886,0,0,0.24337999522686005,0,1,0.9693508148193359,-0.11804888397455215,-0.2154616117477417,0,0.0255010686814785,0.9206053018569946,-0.3896608352661133,0,0.2443540394306183,0.3722234070301056,0.8953995108604431,0,0,0.15806099772453308,0.021291999146342278,1,-0.12223664671182632,0.013942650519311428,-0.9924032092094421,0,0.9401253461837769,-0.31890198588371277,-0.12027779221534729,0,-0.31815609335899353,-0.9476851224899292,0.025873593986034393,0,0.13107499480247498,0.2195959985256195,-0.0028830000665038824,1,0.9402129054069519,0.340579092502594,0.0024180137552320957,0,-0.24650301039218903,0.6755702495574951,0.6948676109313965,0,0.23502382636070251,-0.6539193987846375,0.7191334962844849,0,0,0.25607699155807495,0,1,0.1210864707827568,0.9796305894851685,0.16019678115844727,0,-0.9922416806221008,0.11486867070198059,0.04755512997508049,0,0.028184857219457626,-0.16471216082572937,0.9859390258789062,0,0,0.394228994846344,0,1,0.9195303916931152,0.06027940288186073,-0.3883685767650604,0,-0.2235172688961029,0.8930076956748962,-0.39061081409454346,0,0.32327038049697876,0.4459856450557709,0.834621250629425,0,0,0.34956198930740356,0,1,0.8251309990882874,-0.005638254806399345,0.5649130344390869,0,-0.14309623837471008,0.9652549624443054,0.21864517033100128,0,-0.5465180277824402,-0.2612478733062744,0.7956550717353821,0,0,0.06191499903798103,0,1,0.9614769220352173,-0.273386150598526,-0.028667911887168884,0,0.26644182205200195,0.9525120258331299,-0.14740897715091705,0,0.0676061138510704,0.13409201800823212,0.9886599779129028,0,0,0.016459999606013298,0,1,0.8854392766952515,-0.24378187954425812,-0.39568549394607544,0,0.3808121383190155,-0.10749292373657227,0.9183830618858337,0,-0.2664184868335724,-0.9638542532920837,-0.0023433687165379524,0,-0.0014830000000074506,0.023576000705361366,0.010765999555587769,1,0.0553506501019001,-0.03282827138900757,0.997927188873291,0,-0.9443916082382202,-0.3261759877204895,0.04165128245949745,0,0.32413241267204285,-0.9447392225265503,-0.04905685409903526,0,-0.13107499480247498,0.21946699917316437,-0.0014769999543204904,1,0.9458597898483276,-0.2665037214756012,-0.18526935577392578,0,0.3089040219783783,0.5639128088951111,0.765885055065155,0,-0.09963546693325043,-0.7816505432128906,0.615706741809845,0,0,0.25607699155807495,0,1,0.06301388144493103,-0.9849256277084351,-0.16109275817871094,0,0.9974585175514221,0.05677718669176102,0.043033745139837265,0,-0.03323865309357643,-0.16339504718780518,0.9860001802444458,0,0,0.39370399713516235,0,1,0.88158118724823,-0.1552809178829193,0.4457600712776184,0,0.12127882987260818,0.9871525168418884,0.10402189195156097,0,-0.4561859965324402,-0.037642501294612885,0.8890877366065979,0,0,0.34968000650405884,0,1,0.9632691144943237,-0.08361052721738815,-0.2551918923854828,0,-0.015201717615127563,0.9317923784255981,-0.36267217993736267,0,0.26810896396636963,0.3532300889492035,0.8962953686714172,0,0,0.029978999868035316,0,1,0.921466588973999,0.3682979345321655,0.12351194024085999,0,-0.3843800127506256,0.8185344934463501,0.4269121587276459,0,0.05613210052251816,-0.4408610463142395,0.8958190083503723,0,0,0.02031799964606762,0,1,0.9994020462036133,0.0027863767463713884,-0.03447190299630165,0,0.02071269229054451,0.7499937415122986,0.6611201763153076,0,0.027695851400494576,-0.6614391207695007,0.7494877576828003,0,-0.000018999999156221747,0.029631000012159348,0.006326000206172466,1,-0.8853679895401001,-0.22056944668293,0.40923449397087097,0,0.4529748558998108,-0.6073277592658997,0.6526612639427185,0,0.1045822948217392,0.7632181644439697,0.6376208662986755,0,0.1705009937286377,-0.09342499822378159,0.0014019999653100967,1,0.9948033690452576,0.04724333435297012,0.09019070863723755,0,0.047894906252622604,0.564555823802948,-0.8240041136741638,0,-0.08984639495611191,0.8240417242050171,0.5593593120574951,0,0,0.7455189824104309,0,1,0.924746036529541,-0.3362627923488617,0.1782454550266266,0,-0.16615897417068481,0.06463632732629776,0.9839780926704407,0,-0.34239646792411804,-0.9395473599433899,0.0038991153705865145,0,0,0.7359690070152283,0,1,0.9969900846481323,0.07750949263572693,0.001935252221301198,0,-0.07568806409835815,0.9675413370132446,0.2411116361618042,0,0.016815997660160065,-0.2405322939157486,0.9704952836036682,0,0,0.2858310043811798,0,1,-0.9236847162246704,0.1576746702194214,-0.3492048680782318,0,-0.3516963720321655,-0.7105571031570435,0.609440803527832,0,-0.15203677117824554,0.685745894908905,0.7117850184440613,0,-0.1705009937286377,-0.09342499822378159,0.014719000086188316,1,0.9914648532867432,-0.06512604653835297,-0.11294384300708771,0,-0.06345055997371674,0.5157490372657776,-0.8543865084648132,0,0.1138935461640358,0.8542608618736267,0.5072149634361267,0,0,0.7471349835395813,0,1,0.9364907741546631,0.3298075199127197,-0.1192174106836319,0,0.1564200222492218,-0.08856779336929321,0.9837120175361633,0,0.3138764500617981,-0.9398841857910156,-0.13453127443790436,0,0,0.7454230189323425,0,1,0.993900716304779,-0.10991133749485016,0.008990125730633736,0,0.10489589720964432,0.9674012660980225,0.23050403594970703,0,-0.03403207287192345,-0.22815513610839844,0.9730303287506104,0,0,0.3230130076408386,0,1
K0.067,0.9503787159919739,-0.049320850521326065,0.30715885758399963,0,-0.01573191210627556,0.978469967842102,0.20579005777835846,0,-0.31069567799568176,-0.20041082799434662,0.9291417598724365,0,-0.0022686882875859737,1.4396406412124634,-0.03361468389630318,1,0.9998775124549866,0.015386857092380524,0.0029876527842134237,0,-0.015197383239865303,0.998342752456665,-0.055506907403469086,0,-0.003836775664240122,0.055454667657613754,0.998453676700592,0,0,0.16157899796962738,-0.014773000031709671,1,0.9996725916862488,0.01911845989525318,0.017032474279403687,0,-0.021092213690280914,0.992001473903656,0.1244545727968216,0,-0.014516842551529408,-0.12477293610572815,0.9920787811279297,0,0,0.1892949938774109,0,1,0.9996733069419861,0.01987549290060997,0.016067462041974068,0,-0.021725695580244064,0.9919626712799072,0.12465254217386246,0,-0.0134607944637537,-0.12496091425418854,0.9920706152915955,0,0,0.21633799374103546,0,1,0.9979184865951538,-0.03689602017402649,-0.052888136357069016,0,0.036349546164274216,0.9992759823799133,-0.011258132755756378,0,0.053265225142240524,0.009312238544225693,0.9985371232032776,0,0,0.24337999522686005,0,1,0.9716370701789856,-0.11754283308982849,-0.20519472658634186,0,0.029674239456653595,0.9214618802070618,-0.3873327970504761,0,0.23460738360881805,0.37025803327560425,0.8988147377967834,0,0,0.15806099772453308,0.021291999146342278,1,-0.11793234944343567,0.013300344347953796,-0.9929327964782715,0,0.9432215690612793,-0.3111768364906311,-0.11619628220796585,0,-0.3105231821537018,-0.9502590298652649,0.024152662605047226,0,0.13107499480247498,0.2195959985256195,-0.0028830000665038824,1,0.9308839440345764,0.36490896344184875,-0.017252882942557335,0,-0.2524232566356659,0.6766359806060791,0.6916975378990173,0,0.2640804350376129,-0.6395348310470581,0.7219807505607605,0,0,0.25607699155807495,0,1,0.12692980468273163,0.9789865016937256,0.15960834920406342,0,-0.9915294051170349,0.12076323479413986,0.047798626124858856,0,0.027519412338733673,-0.16432349383831024,0.9860227704048157,0,0,0.394228994846344,0,1,0.910669207572937,0.060888178646564484,-0.4086255729198456,0,-0.22376683354377747,0.9041322469711304,-0.3639679551124573,0,0.34729015827178955,0.42289119958877563,0.8369900584220886,0,0,0.34956198930740356,0,1,0.8251310586929321,-0.005638901609927416,0.5649129748344421,0,-0.143095925450325,0.965255081653595,0.21864581108093262,0,-0.5465180277824402,-0.2612481713294983,0.7956549525260925,0,0,0.06191499903798103,0,1,0.9614769220352173,-0.2733862102031708,-0.028668899089097977,0,0.2664417624473572,0.9525120854377747,-0.1474090814590454,0,0.0676070898771286,0.13409185409545898,0.9886599779129028,0,0,0.016459999606013298,0,1,0.8854399919509888,-0.24378199875354767,-0.3956857919692993,0,0.38081198930740356,-0.10749323666095734,0.9183829426765442,0,-0.26641884446144104,-0.9638551473617554,-0.002343700500205159,0,-0.0014830000000074506,0.023576000705361366,0.010765999555587769,1,0.06350251287221909,-0.03495800495147705,0.9973695278167725,0,-0.9447845816612244,-0.32404035329818726,0.04879681020975113,0,0.3214818239212036,-0.9453973174095154,-0.053605202585458755,0,-0.13107499480247498,0.21946699917316437,-0.0014769999543204904,1,0.9470880627632141,-0.26316559314727783,-0.18375922739505768,0,0.30495959520339966,0.5592032670974731,0.7709029316902161,0,-0.10011642426252365,-0.7861524820327759,0.6098698377609253,0,0,0.25607699155807495,0,1,0.09665776789188385,-0.982721209526062,-0.15784728527069092,0,0.9948800206184387,0.09069209545850754,0.04458639770746231,0,-0.029500512406229973,-0.16134881973266602,0.9864562749862671,0,0,0.39370399713516235,0,1,0.8572084903717041,-0.1514752358198166,0.49218714237213135,0,0.11433481425046921,0.9878877401351929,0.1049027368426323,0,-0.5021162629127502,-0.03364941477775574,0.8641453981399536,0,0,0.34968000650405884,0,1,0.9632726311683655,-0.08380041271448135,-0.25511306524276733,0,-0.015091493725776672,0.9316602349281311,-0.36301836371421814,0,0.26809972524642944,0.35353562235832214,0.8961779475212097,0,0,0.029978999868035316,0,1,0.9215070605278015,0.3682199716567993,0.12344855815172195,0,-0.38429197669029236,0.8186528086662292,0.42676424980163574,0,0.05608157813549042,-0.4407062828540802,0.8958976864814758,0,0,0.02031799964606762,0,1,0.9994019865989685,0.0027292966842651367,-0.03448135033249855,0,0.020759275183081627,0.7500523924827576,0.6610522866249084,0,0.027667038142681122,-0.6613730788230896,0.7495474219322205,0,-0.000018999999156221747,0.029631000012159348,0.006326000206172466,1,-0.8826426267623901,-0.21921341121196747,0.4157975912094116,0,0.4560644328594208,-0.6135287284851074,0.644660234451294,0,0.11378559470176697,0.7586352825164795,0.6415021419525146,0,0.1705009937286377,-0.09342499822378159,0.0014019999653100967,1,0.9947134256362915,0.03931570425629616,0.09486693143844604,0,0.05364706367254257,0.5887751579284668,-0.8065145611763,0,-0.08756396174430847,0.8073399662971497,0.5835532546043396,0,0,0.7455189824104309,0,1,0.9291046857833862,-0.3221820294857025,0.18155646324157715,0,-0.1646835207939148,0.07912350445985794,0.9831674098968506,0,-0.33112427592277527,-0.9433648586273193,0.020455945283174515,0,0,0.7359690070152283,0,1,0.9969971776008606,0.07739383727312088,0.0024809171445667744,0,-0.07567977905273438,0.9671353101730347,0.24273887276649475,0,0.016387108713388443,-0.24219770729541779,0.9700881838798523,0,0,0.2858310043811798,0,1,-0.9205111861228943,0.15017391741275787,-0.36070215702056885,0,-0.3523520827293396,-0.7179985046386719,0.6002719402313232,0,-0.1688384711742401,0.6796514391899109,0.7138399481773376,0,-0.1705009937286377,-0.09342499822378159,0.014719000086188316,1,0.9909242391586304,-0.061502791941165924,-0.11952757090330124,0,-0.06860039383172989,0.5333091020584106,-0.8431342840194702,0,0.11560021340847015,0.8436815142631531,0.5242496132850647,0,0,0.7471349835395813,0,1,0.9383556842803955,0.32501474022865295,-0.11770544201135635,0,0.1529766172170639,-0.08509921282529831,0.9845591187477112,0,0.3099795877933502,-0.9418728351593018,-0.12957297265529633,0,0,0.7454230189323425,0,1,0.9935747981071472,-0.11175351589918137,0.017892731353640556,0,0.10499022156000137,0.9691480994224548,0.22299940884113312,0,-0.042261671274900436,-0.21968801319599152,0.9746541380882263,0,0,0.3230130076408386,0,1
K0.101,0.9512954950332642,-0.04805998504161835,0.30451294779777527,0,-0.016561195254325867,0.9783799052238464,0.20615054666996002,0,-0.3078368306159973,-0.20115309953689575,0.9299320578575134,0,-0.007968150079250336,1.4479386806488037,-0.03719807788729668,1,0.9998599886894226,0.015754183754324913,-0.005661848001182079,0,-0.016063237562775612,0.9981003999710083,-0.05947387218475342,0,0.00471413042396307,0.0595564991235733,0.9982137680053711,0,0,0.16157899796962738,-0.014773000031709671,1,0.9997601509094238,0.019141795113682747,0.010604615323245525,0,-0.020281430333852768,0.9925004243850708,0.12054435908794403,0,-0.008217652328312397,-0.12073056399822235,0.9926509261131287,0,0,0.1892949938774109,0,1,0.9997539520263672,0.01975305750966072,0.010043052025139332,0,-0.020821621641516685,0.9924706220626831,0.12069721519947052,0,-0.007583302911370993,-0.12087676674127579,0.9926388263702393,0,0,0.21633799374103546,0,1,0.9976149201393127,-0.04543127119541168,-0.0519682802259922,0,0.04508400708436966,0.9989520311355591,-0.00783525686711073,0,0.052269790321588516,0.005473632365465164,0.9986178278923035,0,0,0.24337999522686005,0,1,0.9740039706230164,-0.11136685311794281,-0.19726473093032837,0,0.028788117691874504,0.9246017336845398,-0.3798461854457855,0,0.22469353675842285,0.364292711019516,0.9037715792655945,0,0,0.15806099772453308,0.021291999146342278,1,-0.11458811908960342,0.012660875916481018,-0.9933322668075562,0,0.9458675980567932,-0.3042490780353546,-0.11299058049917221,0,-0.3036509156227112,-0.952508270740509,0.02288772724568844,0,0.13107499480247498,0.2195959985256195,-0.0028830000665038824,1,0.9185883402824402,0.39350199699401855,-0.03676171600818634,0,-0.2650270164012909,0.6823269724845886,0.6813151836395264,0,0.29318249225616455,-0.6161054968833923,0.7310664653778076,0,0,0.25607699155807495,0,1,0.12294125556945801,0.979429304599762,0.16000986099243164,0,-0.9920194149017334,0.1167399063706398,0.04763220250606537,0,0.027972841635346413,-0.16458892822265625,0.9859654903411865,0,0,0.394228994846344,0,1,0.8986960649490356,0.051372651010751724,-0.43555253744125366,0,-0.21116048097610474,0.9211123585700989,-0.3270537555217743,0,0.384391188621521,0.3858933448791504,0.8386478424072266,0,0,0.34956198930740356,0,1,0.8251311182975769,-0.005638189613819122,0.5649127960205078,0,-0.1430961787700653,0.9652550220489502,0.21864506602287292,0,-0.5465182065963745,-0.2612479627132416,0.7956558465957642,0,0,0.06191499903798103,0,1,0.9614768624305725,-0.27338624000549316,-0.02866896614432335,0,0.26644179224967957,0.9525120854377747,-0.1474086344242096,0,0.06760703027248383,0.13409137725830078,0.9886599183082581,0,0,0.016459999606013298,0,1,0.885439932346344,-0.243782639503479,-0.3956852853298187,0,0.38081127405166626,-0.10749341547489166,0.9183828234672546,0,-0.26641926169395447,-0.9638538956642151,-0.002343781990930438,0,-0.0014830000000074506,0.023576000705361366,0.010765999555587769,1,0.08433658629655838,-0.03861170634627342,0.9956886172294617,0,-0.9459956288337708,-0.3170020580291748,0.06783447414636612,0,0.3130163252353668,-0.9476385116577148,-0.06326136738061905,0,-0.13107499480247498,0.21946699917316437,-0.0014769999543204904,1,0.9457307457923889,-0.2580764591693878,-0.1974603533744812,0,0.3127954304218292,0.5583414435386658,0.7683845162391663,0,-0.08805164694786072,-0.7884494066238403,0.6087656617164612,0,0,0.25607699155807495,0,1,0.16484981775283813,-0.9746500849723816,-0.15126504004001617,0,0.986077070236206,0.15946391224861145,0.047156453132629395,0,-0.021839724853634834,-0.15693269670009613,0.9873676300048828,0,0,0.39370399713516235,0,1,0.8241589069366455,-0.14854097366333008,0.5465331077575684,0,0.10668127983808517,0.988434910774231,0.10777159780263901,0,-0.556221067905426,-0.03051607310771942,0.8304741978645325,0,0,0.34968000650405884,0,1,0.9632571935653687,-0.0831107348203659,-0.255399614572525,0,-0.015492170117795467,0.9321412444114685,-0.36176201701164246,0,0.2681347727775574,0.3524264693260193,0.8966040015220642,0,0,0.029978999868035316,0,1,0.9213608503341675,0.3685067892074585,0.12368060648441315,0,-0.3846142888069153,0.8182185292243958,0.427306205034256,0,0.05626744031906128,-0.4412723183631897,0.8956069946289062,0,0,0.02031799964606762,0,1,0.9994020462036133,0.0029368428513407707,-0.03444432094693184,0,0.020588183775544167,0.7498395442962646,0.6613001823425293,0,0.02776983194053173,-0.6616135239601135,0.7493302822113037,0,-0.000018999999156221747,0.029631000012159348,0.006326000206172466,1,-0.8796451687812805,-0.21802768111228943,0.4227166473865509,0,0.45887190103530884,-0.6228626370429993,0.6336234211921692,0,0.12514695525169373,0.7513364553451538,0.6479448080062866,0,0.1705009937286377,-0.09342499822378159,0.0014019999653100967,1,0.9943976998329163,0.03266892582178116,0.10053099691867828,0,0.059426356106996536,0.6137510538101196,-0.7872598767280579,0,-0.08741994947195053,0.7888237237930298,0.6083713173866272,0,0,0.7455189824104309,0,1,0.9330286383628845,-0.3081241250038147,0.18578609824180603,0,-0.164007306098938,0.0953778326511383,0.981837272644043,0,-0.3202477991580963,-0.946553111076355,0.038455672562122345,0,0,0.7359690070152283,0,1,0.9970042109489441,0.07729586958885193,0.00294863129965961,0,-0.07567274570465088,0.9667499661445618,0.24426965415477753,0,0.01603044383227825,-0.24376097321510315,0.9697028398513794,0,0,0.2858310043811798,0,1,-0.9178274869918823,0.1457989364862442,-0.369235098361969,0,-0.3531416654586792,-0.7247360944747925,0.591648519039154,0,-0.18133649230003357,0.6734243035316467,0.7166712880134583,0,-0.1705009937286377,-0.09342499822378159,0.014719000086188316,1,0.9906697869300842,-0.055022455751895905,-0.12468168884515762,0,-0.0743914544582367,0.5482228398323059,-0.8330168128013611,0,0.1141880601644516,0.8345203995704651,0.5390149354934692,0,0,0.7471349835395813,0,1,0.9398218989372253,0.3212490975856781,-0.11633096635341644,0,0.15052509307861328,-0.0836537629365921,0.9850611090660095,0,0.30671846866607666,-0.9432927966117859,-0.12697570025920868,0,0,0.7454230189323425,0,1,0.9930962324142456,-0.11410736292600632,0.0272003673017025,0,0.10492466390132904,0.9677605032920837,0.22897900640964508,0,-0.05245160311460495,-0.22454406321048737,0.9730514287948608,0,0,0.3230130076408386,0,1
K0.135,0.9501169323921204,-0.0444919615983963,0.30870378017425537,0,-0.01910565420985222,0.9796117544174194,0.19998930394649506,0,-0.3113076984882355,-0.19591118395328522,0.9298955202102661,0,-0.015297540463507175,1.4549206495285034,-0.0415596142411232,1,0.999735414981842,0.018772251904010773,-0.013320785015821457,0,-0.019604409113526344,0.9976686835289001,-0.06536667793989182,0,0.012062649242579937,0.06561052799224854,0.9977726340293884,0,0,0.16157899796962738,-0.014773000031709671,1,0.9997743368148804,0.020587589591741562,0.005261161830276251,0,-0.02105684205889702,0.9931164979934692,0.11522447317838669,0,-0.0028527509421110153,-0.11530917882919312,0.9933252930641174,0,0,0.1892949938774109,0,1,0.999765157699585,0.021054012700915337,0.005122269503772259,0,-0.021504487842321396,0.9930916428565979,0.11535374820232391,0,-0.0026582248974591494,-0.1154368594288826,0.9933116436004639,0,0,0.21633799374103546,0,1,0.9961303472518921,-0.06814253330230713,-0.055497750639915466,0,0.06812740862369537,0.9976747632026672,-0.0021675743628293276,0,0.05551638826727867,-0.0016217310912907124,0.9984561204910278,0,0,0.24337999522686005,0,1,0.9755693078041077,-0.09713432937860489,-0.1970551311969757,0,0.019373949617147446,0.931492805480957,-0.36324504017829895,0,0.21883873641490936,0.3505525290966034,0.9106165170669556,0,0,0.15806099772453308,0.021291999146342278,1,-0.11573929339647293,0.0126339141279459,-0.9931992292404175,0,0.945746660232544,-0.3042196035385132,-0.11407940089702606,0,-0.30359193682670593,-0.952518105506897,0.023261738941073418,0,0.13107499480247498,0.2195959985256195,-0.0028830000665038824,1,0.903706967830658,0.42356541752815247,-0.062494587153196335,0,-0.28153759241104126,0.6978514790534973,0.6585893034934998,0,0.3225676417350769,-0.5775772333145142,0.7499029636383057,0,0,0.25607699155807495,0,1,0.10992421209812164,0.9807623028755188,0.1613152176141739,0,-0.9935028553009033,0.10360830277204514,0.04708108305931091,0,0.029461758211255074,-0.1654425859451294,0.9857797622680664,0,0,0.394228994846344,0,1,0.8900979161262512,0.026936037465929985,-0.4549734592437744,0,-0.1810970902442932,0.9369687438011169,-0.2988216280937195,0,0.41824644804000854,0.34837454557418823,0.8388711214065552,0,0,0.34956198930740356,0,1,0.8251309990882874,-0.005638247821480036,0.5649130344390869,0,-0.14309625327587128,0.9652549624443054,0.21864517033100128,0,-0.5465180277824402,-0.2612479031085968,0.7956551313400269,0,0,0.06191499903798103,0,1,0.9614771604537964,-0.27338671684265137,-0.028668822720646858,0,0.2664421796798706,0.9525119066238403,-0.1474091112613678,0,0.06760707497596741,0.13409186899662018,0.9886599779129028,0,0,0.016459999606013298,0,1,0.8854396939277649,-0.24378187954425812,-0.39568570256233215,0,0.38081201910972595,-0.10749323666095734,0.9183829426765442,0,-0.2664186954498291,-0.9638547897338867,-0.002343704691156745,0,-0.0014830000000074506,0.023576000705361366,0.010765999555587769,1,0.11852362006902695,-0.043953023850917816,0.9919779300689697,0,-0.947119951248169,-0.3050161600112915,0.09964906424283981,0,0.2981891930103302,-0.9513320326805115,-0.07778030633926392,0,-0.13107499480247498,0.21946699917316437,-0.0014769999543204904,1,0.9370639324188232,-0.2580919861793518,-0.2351570427417755,0,0.34317484498023987,0.5566616058349609,0.756544828414917,0,-0.06435530632734299,-0.789631187915802,0.610198438167572,0,0,0.25607699155807495,0,1,0.289798378944397,-0.9470229148864746,-0.13843414187431335,0,0.9570490717887878,0.2854403853416443,0.05080163851380348,0,-0.008595631457865238,-0.1472105234861374,0.989067792892456,0,0,0.39370399713516235,0,1,0.7821453809738159,-0.14833787083625793,0.6051811575889587,0,0.09742031246423721,0.9884172081947327,0.11636657267808914,0,-0.6154329776763916,-0.03205864503979683,0.787537157535553,0,0,0.34968000650405884,0,1,0.9632019400596619,-0.08083884418010712,-0.25633394718170166,0,-0.016808979213237762,0.9337151050567627,-0.3576228618621826,0,0.26825273036956787,0.3487717807292938,0.8979974389076233,0,0,0.029978999868035316,0,1,0.920883297920227,0.3694438934326172,0.12444142252206802,0,-0.38566774129867554,0.8167968988418579,0.42907214164733887,0,0.05687471851706505,-0.4431184232234955,0.8946572542190552,0,0,0.02031799964606762,0,1,0.9994041323661804,0.003615693422034383,-0.03432135283946991,0,0.020027630031108856,0.7491428852081299,0.6621057391166687,0,0.028105584904551506,-0.6623989343643188,0.7486245036125183,0,-0.000018999999156221747,0.029631000012159348,0.006326000206172466,1,-0.8758575320243835,-0.2210589051246643,0.4289607107639313,0,0.46269744634628296,-0.637161910533905,0.6163891553878784,0,0.13705898821353912,0.7383476495742798,0.6603459119796753,0,0.1705009937286377,-0.09342499822378159,0.0014019999653100967,1,0.9937911629676819,0.025912463665008545,0.10819756239652634,0,0.06704182177782059,0.6366346478462219,-0.768246054649353,0,-0.08878950029611588,0.7707302570343018,0.6309449672698975,0,0,0.7455189824104309,0,1,0.9345752000808716,-0.29883337020874023,0.19304636120796204,0,-0.16677597165107727,0.11130420118570328,0.9796925783157349,0,-0.31425178050994873,-0.9477922320365906,0.054183945059776306,0,0,0.7359690070152283,0,1,0.9970114231109619,0.0771760642528534,0.003513447707518935,0,-0.07566460222005844,0.9662805795669556,0.2461220771074295,0,0.015599758364260197,-0.24565239250659943,0.9692323803901672,0,0,0.2858310043811798,0,1,-0.9157489538192749,0.14645503461360931,-0.37410464882850647,0,-0.3548261821269989,-0.731560230255127,0.5821661353111267,0,-0.18841898441314697,0.6658603549003601,0.7218919396400452,0,-0.1705009937286377,-0.09342499822378159,0.014719000086188316,1,0.9909490346908569,-0.042398907244205475,-0.12736552953720093,0,-0.08213548362255096,0.5589609146118164,-0.8251165747642517,0,0.10617640614509583,0.8281097412109375,0.5504193902015686,0,0,0.7471349835395813,0,1,0.9415490031242371,0.3160337209701538,-0.11665909737348557,0,0.15081802010536194,-0.08579141646623611,0.9848316311836243,0,0.3012315630912781,-0.9448612928390503,-0.12844036519527435,0,0,0.7454230189323425,0,1,0.9931280016899109,-0.11392214149236679,0.026791920885443687,0,0.10492154955863953,0.9681382179260254,0.22737647593021393,0,-0.051841527223587036,-0.22300302982330322,0.9734386801719666,0,0,0.3230130076408386,0,1
