0.767,30,23,33
B0,mixamorig_Hips,-1,0.9869899749755859,0.07273096591234207,-0.14339275658130646,0,-0.07179789245128632,0.9973511695861816,0.011677782982587814,0,0.14386221766471863,-0.0012305554701015353,0.9895970821380615,0,0.12991860508918762,1.250800371170044,-0.027028750628232956,1
B1,mixamorig_Spine,0,0.9961932301521301,-0.08671201020479202,0.008945243433117867,0,0.06774704158306122,0.8346940875053406,0.5465310215950012,0,-0.05485733970999718,-0.54384446144104,0.8373909592628479,0,0,0.16157899796962738,-0.014773000031709671,1
B2,mixamorig_Spine1,1,0.9994325041770935,0.004700574092566967,0.033342599868774414,0,-0.01006071176379919,0.9866620898246765,0.1624685525894165,0,-0.032134223729372025,-0.1627120077610016,0.9861506819725037,0,0,0.1892949938774109,0,1
B3,mixamorig_Spine2,2,0.9995583891868591,-0.0009628236293792725,0.02971193566918373,0,-0.003890318563207984,0.9866432547569275,0.16284917294979095,0,-0.0294718649238348,-0.16289280354976654,0.9862034916877747,0,0,0.21633799374103546,0,1
B4,mixamorig_Neck,3,0.9942604899406433,-0.106911800801754,-0.0040496839210391045,0,0.10698506981134415,0.9932166934013367,0.045543063431978226,0,-0.0008468777523376048,-0.045714929699897766,0.998954176902771,0,0,0.24337999522686005,0,1
B5,mixamorig_Head,4,0.994296669960022,0.10664133727550507,-0.001081614987924695,0,-0.07364948838949203,0.6792832612991333,-0.7301716804504395,0,-0.0771317407488823,0.7260867357254028,0.6832630038261414,0,0,0.15806099772453308,0.021291999146342278,1
B6,mixamorig_HeadTop_End,5,1,0,0,0,0,1,0,0,0,0,1,0,0,0.3098770081996918,0.041742000728845596,1
B7,mixamorig_LeftShoulder,3,-0.11948513984680176,0.02007906325161457,-0.9926332235336304,0,0.9703988432884216,-0.2089872658252716,-0.1210361197590828,0,-0.20987795293331146,-0.9777121543884277,0.005486118607223034,0,0.13107499480247498,0.2195959985256195,-0.0028830000665038824,1
B8,mixamorig_LeftArm,7,0.337100625038147,0.6863964796066284,0.644378125667572,0,-0.8973369002342224,0.44134506583213806,-0.0006903951871208847,0,-0.28486689925193787,-0.5779913663864136,0.7647063732147217,0,0,0.25607699155807495,0,1
B9,mixamorig_LeftForeArm,8,0.8850903511047363,0.4639739990234375,0.036642786115407944,0,-0.4652649164199829,0.8840763568878174,0.044020310044288635,0,-0.01197074819356203,-0.05601058155298233,0.9983587861061096,0,0,0.394228994846344,0,1
B10,mixamorig_LeftHand,9,0.769256591796875,0.3101664185523987,0.5586065649986267,0,-0.36474609375,0.9309917688369751,-0.01464192382991314,0,-0.5245994329452515,-0.19248612225055695,0.8293033838272095,0,0,0.34956198930740356,0,1
B11,mixamorig_LeftHandIndex1,10,0.8332328796386719,0.00237358920276165,0.5529170632362366,0,-0.15021780133247375,0.9633510112762451,0.22223913669586182,0,-0.5321255922317505,-0.26823487877845764,0.8030521273612976,0,0,0.06191499903798103,0,1
B12,mixamorig_LeftHandIndex2,11,0.9614958763122559,-0.273321270942688,-0.028653070330619812,0,0.26638340950012207,0.9525370597839355,-0.1473521590232849,0,0.0675676092505455,0.1340458244085312,0.9886689782142639,0,0,0.016459999606013298,0,1
B13,mixamorig_LeftHandIndex3,12,0.8853055238723755,-0.2440228909254074,-0.3958378732204437,0,0.38100406527519226,-0.10736703127622604,0.918317973613739,0,-0.26659053564071655,-0.9638078808784485,-0.0020789196714758873,0,-0.0014830000000074506,0.023576000705361366,0.010765999555587769,1
B14,mixamorig_LeftHandIndex4,13,1,0,0,0,0,1,0,0,0,0,1,0,-0.00101500004529953,0.006810000166296959,-0.004865000024437904,1
B15,mixamorig_RightShoulder,3,-0.09656126797199249,-0.0009547746158204973,0.995326817035675,0,-0.9694719314575195,-0.22635772824287415,-0.09427009522914886,0,0.22538980841636658,-0.9740437865257263,0.020931748673319817,0,-0.13107499480247498,0.21946699917316437,-0.0014769999543204904,1
B16,mixamorig_RightArm,15,0.7955535054206848,0.13025395572185516,-0.5917162299156189,0,0.4164195656776428,0.5918480753898621,0.6901527047157288,0,0.44010138511657715,-0.7954558730125427,0.4166066646575928,0,0,0.25607699155807495,0,1
B17,mixamorig_RightForeArm,16,0.86713707447052,-0.49682533740997314,-0.035186946392059326,0,0.49801236391067505,0.8659445643424988,0.046090442687273026,0,0.00757104204967618,-0.05749024078249931,0.9983173608779907,0,0,0.39370399713516235,0,1
B18,mixamorig_RightHand,17,0.861271858215332,-0.15169817209243774,-0.4849725067615509,0,0.2790359854698181,0.9388192892074585,0.20188501477241516,0,0.42467597126960754,-0.3092026710510254,0.8509079217910767,0,0,0.34968000650405884,0,1
B19,mixamorig_RightHandIndex1,18,0.9632630348205566,-0.08404017239809036,-0.255071759223938,0,-0.014607167802751064,0.9319749474525452,-0.36222702264785767,0,0.26816225051879883,0.35264596343040466,0.8965099453926086,0,0,0.029978999868035316,0,1
B20,mixamorig_RightHandIndex2,19,0.9213659763336182,0.36851099133491516,0.12363120168447495,0,-0.3846209943294525,0.818420946598053,0.42691153287887573,0,0.056139204651117325,-0.4408928155899048,0.8958020806312561,0,0,0.02031799964606762,0,1
B21,mixamorig_RightHandIndex3,20,0.9994019269943237,0.0028063422068953514,-0.03447330743074417,0,0.020701035857200623,0.7499369978904724,0.661185085773468,0,0.027708306908607483,-0.6615029573440552,0.7494300603866577,0,-0.000018999999156221747,0.029631000012159348,0.006326000206172466,1
B22,mixamorig_RightHandIndex4,21,1,0,0,0,0,1,0,0,0,0,1,0,-0.0022299999836832285,0.02442299947142601,-0.010110000148415565,1
B23,mixamorig_LeftUpLeg,0,-0.9866971373558044,-0.0455717109143734,0.1560513973236084,0,0.12933160364627838,-0.8016417622566223,0.5836470127105713,0,0.09849953651428223,0.5960652828216553,0.796871542930603,0,0.1705009937286377,-0.09342499822378159,0.0014019999653100967,1
B24,mixamorig_LeftLeg,23,0.9912827014923096,-0.11957080662250519,-0.0553283765912056,0,-0.0437384657561779,0.09746980667114258,-0.9942768216133118,0,0.12427938729524612,0.9880297780036926,0.09139032661914825,0,0,0.7455189824104309,0,1
B25,mixamorig_LeftFoot,24,0.9791188836097717,-0.1606331616640091,0.12459084391593933,0,-0.18933838605880737,-0.4974721670150757,0.8465650677680969,0,-0.07400595396757126,-0.8524776697158813,-0.5174983739852905,0,0,0.7359690070152283,0,1
B26,mixamorig_LeftToeBase,25,0.9971173405647278,0.07295749336481094,0.020821165293455124,0,-0.07583532482385635,0.9500466585159302,0.3027540445327759,0,0.002307099523022771,-0.30346041917800903,0.9528411626815796,0,0,0.2858310043811798,0,1
B27,mixamorig_LeftToe_End,26,1,0,0,0,0,1,0,0,0,0,1,0,0,0.137580007314682,0,1
B28,mixamorig_RightUpLeg,0,-0.8974785804748535,0.2264869511127472,-0.3784656822681427,0,-0.44073018431663513,-0.49361103773117065,0.7497362494468689,0,-0.017009349539875984,0.8396735787391663,0.5428249835968018,0,-0.1705009937286377,-0.09342499822378159,0.014719000086188316,1
B29,mixamorig_RightLeg,28,0.9905884265899658,0.1005374938249588,-0.09288309514522552,0,-0.07580879330635071,-0.16202501952648163,-0.9838701486587524,0,-0.11396519839763641,0.9816514253616333,-0.15287844836711884,0,0,0.7471349835395813,0,1
B30,mixamorig_RightFoot,29,0.9800971746444702,-0.019669627770781517,-0.19754274189472198,0,0.19293618202209473,-0.13995963335037231,0.9711779952049255,0,-0.04675072059035301,-0.9899622201919556,-0.13337908685207367,0,0,0.7454230189323425,0,1
B31,mixamorig_RightToeBase,30,0.9919318556785583,-0.08706733584403992,-0.09214344620704651,0,0.11420042812824249,0.9292728304862976,0.35129719972610474,0,0.05503992363810539,-0.35898587107658386,0.9317190051078796,0,0,0.3230130076408386,0,1
B32,mixamorig_RightToe_End,31,1,0,0,0,0,1,0,0,0,0,1,0,0,0.13775800168514252,0,1
@28,0,1,2,3,4,5,7,8,9,10,11,12,13,15,16,17,18,19,20,21,23,24,25,26,28,29,30,31
K0,-0.9982207417488098,0.057074133306741714,-0.01725807972252369,0,0.056200429797172546,0.997291088104248,0.04746025800704956,0,0.019920073449611664,0.04640589654445648,-0.9987236857414246,0,0.008534605614840984,1.2471779584884644,0.010518425144255161,1,0.9909189343452454,0.11445122957229614,0.07057461887598038,0,-0.13418778777122498,0.8082740306854248,0.573311984539032,0,0.008572624064981937,-0.5775759816169739,0.8162920475006104,0,0,0.16157899796962738,-0.014773000031709671,1,0.9989749789237976,0.03552217409014702,0.028048161417245865,0,-0.038750823587179184,0.9914609789848328,0.1245093122124672,0,-0.02338583581149578,-0.1254686862230301,0.9918220639228821,0,0,0.1892949938774109,0,1,0.9991469979286194,0.03289496526122093,0.02498200535774231,0,-0.035780031234025955,0.9914450645446777,0.1255287081003189,0,-0.020638994872570038,-0.12631531059741974,0.9917749166488647,0,0,0.21633799374103546,0,1,0.9981349110603333,-0.03619406372308731,-0.049166809767484665,0,0.03569793701171875,0.9993029236793518,-0.010931771248579025,0,0.04952818900346756,0.009156227111816406,0.9987310171127319,0,0,0.24337999522686005,0,1,0.950376033782959,-0.24854300916194916,-0.1871168613433838,0,0.08793700486421585,0.7915439009666443,-0.6047530770301819,0,0.2984181344509125,0.5582879185676575,0.7741199731826782,0,0,0.15806099772453308,0.021291999146342278,1,-0.03698624670505524,0.03221358358860016,-0.9987959861755371,0,0.9536139965057373,-0.2976640462875366,-0.04491351544857025,0,-0.29875245690345764,-0.9541268944740295,-0.01970982737839222,0,0.13107499480247498,0.2195959985256195,-0.0028830000665038824,1,0.8822128772735596,0.4331981837749481,0.18449708819389343,0,-0.47084781527519226,0.810336172580719,0.34879592061042786,0,0.0015930880326777697,-0.3945820927619934,0.9188589453697205,0,0,0.25607699155807495,0,1,0.8684068322181702,0.49437734484672546,0.038220860064029694,0,-0.49575257301330566,0.8671962022781372,0.04690514877438545,0,-0.009956141002476215,-0.05968084558844566,0.9981679916381836,0,0,0.394228994846344,0,1,0.5205245614051819,0.282858282327652,0.8056331276893616,0,-0.2823067307472229,0.9474831223487854,-0.1502617746591568,0,-0.8058268427848816,-0.1492207646369934,0.5730412602424622,0,0,0.34956198930740356,0,1,0.8332328200340271,0.002373527269810438,0.5529171824455261,0,-0.1502174735069275,0.9633510112762451,0.222238689661026,0,-0.53212571144104,-0.26823434233665466,0.8030520081520081,0,0,0.06191499903798103,0,1,0.9614959955215454,-0.2733209431171417,-0.028653249144554138,0,0.26638302206993103,0.9525370001792908,-0.14735214412212372,0,0.06756773591041565,0.1340458244085312,0.9886689782142639,0,0,0.016459999606013298,0,1,0.8853048086166382,-0.24402333796024323,-0.3958371877670288,0,0.3810037076473236,-0.10736696422100067,0.9183180332183838,0,-0.26659122109413147,-0.9638078808784485,-0.002078681718558073,0,-0.0014830000000074506,0.023576000705361366,0.010765999555587769,1,-0.033719539642333984,-0.016856785863637924,0.9992889761924744,0,-0.9619458913803101,-0.2707192599773407,-0.037026192992925644,0,0.2711510956287384,-0.9625109434127808,-0.007086744531989098,0,-0.13107499480247498,0.21946699917316437,-0.0014769999543204904,1,0.47809091210365295,-0.4234400689601898,-0.7694990634918213,0,0.8039969205856323,0.5636832118034363,0.189340740442276,0,0.35357895493507385,-0.7091962695121765,0.6099357604980469,0,0,0.25607699155807495,0,1,0.8540969491004944,-0.5188392400741577,-0.03639395162463188,0,0.5200787782669067,0.8527611494064331,0.048133015632629395,0,0.006062048953026533,-0.06003798916935921,0.9981780648231506,0,0,0.39370399713516235,0,1,0.6755961179733276,-0.29929405450820923,-0.6737897992134094,0,0.40948987007141113,0.9122989773750305,0.005348997190594673,0,0.6130971312522888,-0.2795239984989166,0.7389038801193237,0,0,0.34968000650405884,0,1,0.9632629156112671,-0.08404025435447693,-0.2550722062587738,0,-0.014607253484427929,0.9319749474525452,-0.3622269928455353,0,0.2681627571582794,0.35264599323272705,0.8965100049972534,0,0,0.029978999868035316,0,1,0.9213659763336182,0.36851102113723755,0.12363117933273315,0,-0.3846209645271301,0.8184208869934082,0.426911324262619,0,0.056139182299375534,-0.44089269638061523,0.8958021402359009,0,0,0.02031799964606762,0,1,0.9994020462036133,0.0028067606035619974,-0.034473370760679245,0,0.020700762048363686,0.7499369978904724,0.661185085773468,0,0.0277086328715086,-0.6615030169487,0.7494300603866577,0,-0.000018999999156221747,0.029631000012159348,0.006326000206172466,1,-0.9808639287948608,-0.10648022592067719,0.1629980355501175,0,0.19111375510692596,-0.6864199638366699,0.7016430497169495,0,0.03717396780848503,0.7193670272827148,0.693634033203125,0,0.1705009937286377,-0.09342499822378159,0.0014019999653100967,1,0.9986549615859985,0.04604145884513855,0.023829324170947075,0,0.03423646092414856,-0.24054808914661407,-0.9700329899787903,0,-0.03892967477440834,0.9695450663566589,-0.24180108308792114,0,0,0.7455189824104309,0,1,0.9748420119285583,0.00541918957605958,0.2228289544582367,0,-0.22069582343101501,-0.11661995202302933,0.968346118927002,0,0.031233951449394226,-0.9931619763374329,-0.11249005794525146,0,0,0.7359690070152283,0,1,0.9793830513954163,0.00836688932031393,0.20183993875980377,0,-0.08480210602283478,0.9238730669021606,0.37318578362464905,0,-0.1833520531654358,-0.38260817527770996,0.9055349230766296,0,0,0.2858310043811798,0,1,-0.9420380592346191,0.1950998157262802,-0.2729468047618866,0,-0.32896316051483154,-0.6970009803771973,0.6371609568595886,0,-0.0659341812133789,0.6900190711021423,0.7207818627357483,0,-0.1705009937286377,-0.09342499822378159,0.014719000086188316,1,0.9936310052871704,0.11169108748435974,0.014915081672370434,0,0.01292408537119627,0.018528856337070465,-0.9997450113296509,0,-0.11193892359733582,0.9935700297355652,0.01696733385324478,0,0,0.7471349835395813,0,1,0.9785119891166687,0.16747714579105377,-0.12026970833539963,0,0.18220113217830658,-0.4292850196361542,0.8845999836921692,0,0.09652029722929001,-0.8875049948692322,-0.4505750834941864,0,0,0.7454230189323425,0,1,0.9943439960479736,-0.1025981456041336,-0.027450257912278175,0,0.10613486915826797,0.9503911733627319,0.2923906743526459,0,-0.00391025748103857,-0.2936503291130066,0.9559049010276794,0,0,0.3230130076408386,0,1
K0.033,-0.9944307804107666,0.08439752459526062,-0.0631226897239685,0,0.08266742527484894,0.9961389899253845,0.029539665207266808,0,0.0653720423579216,0.024156969040632248,-0.9975681304931641,0,0.011458342894911766,1.2635992765426636,0.022138815373182297,1,0.9950630068778992,0.0992397889494896,0.0013530622236430645,0,-0.08273646235466003,0.821902334690094,0.5635875463485718,0,0.054818205535411835,-0.5609168410301208,0.8260550498962402,0,0,0.16157899796962738,-0.014773000031709671,1,0.9996029734611511,0.025856850668787956,0.011173133738338947,0,-0.026966877281665802,0.9930639863014221,0.11444095522165298,0,-0.008136553689837456,-0.11469683051109314,0.9933670163154602,0,0,0.1892949938774109,0,1,0.999688982963562,0.02335897460579872,0.008736622519791126,0,-0.02421076036989689,0.993043065071106,0.11523453146219254,0,-0.005984083283692598,-0.11541024595499039,0.9933000206947327,0,0,0.21633799374103546,0,1,0.9979170560836792,-0.048781923949718475,-0.04221472889184952,0,0.04925132915377617,0.9987349510192871,0.010151217691600323,0,0.041666124016046524,-0.012209202162921429,0.9990569949150085,0,0,0.24337999522686005,0,1,0.9602901339530945,-0.2378006875514984,-0.14592692255973816,0,0.10350306332111359,0.7893350124359131,-0.605175793170929,0,0.25909626483917236,0.5660400986671448,0.7826032042503357,0,0,0.15806099772453308,0.021291999146342278,1,-0.005867184139788151,0.03573162481188774,-0.999343991279602,0,0.9592830538749695,-0.28200963139533997,-0.015715287998318672,0,-0.28238624334335327,-0.9587461948394775,-0.032622113823890686,0,0.13107499480247498,0.2195959985256195,-0.0028830000665038824,1,0.9436713457107544,0.3123379945755005,0.10921743512153625,0,-0.3288595974445343,0.8488873839378357,0.4138133227825165,0,0.036536358296871185,-0.4264213442802429,0.9037867784500122,0,0,0.25607699155807495,0,1,0.8286515474319458,0.5581886172294617,0.041982125490903854,0,-0.5597414374351501,0.8269737362861633,0.052959244698286057,0,-0.005156864412128925,-0.06738387048244476,0.9977140426635742,0,0,0.394228994846344,0,1,0.631453275680542,0.2593776285648346,0.7307460904121399,0,-0.2619969844818115,0.958340048789978,-0.11376474052667618,0,-0.7298111319541931,-0.11961610615253448,0.6731029748916626,0,0,0.34956198930740356,0,1,0.8332328796386719,0.0023730252869427204,0.5529171228408813,0,-0.1502169668674469,0.9633510708808899,0.22223883867263794,0,-0.5321258306503296,-0.26823416352272034,0.8030520081520081,0,0,0.06191499903798103,0,1,0.9614959955215454,-0.2733209431171417,-0.028653249144554138,0,0.26638302206993103,0.9525370001792908,-0.14735214412212372,0,0.06756773591041565,0.1340458244085312,0.9886689782142639,0,0,0.016459999606013298,0,1,0.885304868221283,-0.24402287602424622,-0.39583730697631836,0,0.3810040354728699,-0.10736597329378128,0.9183178544044495,0,-0.26659032702445984,-0.9638078808784485,-0.002077902900055051,0,-0.0014830000000074506,0.023576000705361366,0.010765999555587769,1,-0.03011484444141388,-0.015490036457777023,0.999426007270813,0,-0.969727098941803,-0.2419547289609909,-0.03296996280550957,0,0.2423267364501953,-0.9701641201972961,-0.007734720595180988,0,-0.13107499480247498,0.21946699917316437,-0.0014769999543204904,1,0.44960513710975647,-0.48142123222351074,-0.7523887157440186,0,0.8171951174736023,0.5617659091949463,0.12888170778751373,0,0.3606201410293579,-0.6727946996688843,0.6459882855415344,0,0,0.25607699155807495,0,1,0.846514880657196,-0.5310713052749634,-0.0370958186686039,0,0.5323400497436523,0.8450958728790283,0.04926710203289986,0,0.005185180343687534,-0.06145294010639191,0.9980970025062561,0,0,0.39370399713516235,0,1,0.6183114647865295,-0.31367695331573486,-0.7206234335899353,0,0.42315611243247986,0.9055229425430298,-0.03108331747353077,0,0.6622912287712097,-0.28571709990501404,0.6926296353340149,0,0,0.34968000650405884,0,1,0.9632630348205566,-0.08404017239809036,-0.255071759223938,0,-0.014607167802751064,0.9319749474525452,-0.36222702264785767,0,0.26816225051879883,0.35264596343040466,0.8965099453926086,0,0,0.029978999868035316,0,1,0.9213659763336182,0.36851105093955994,0.12363076210021973,0,-0.38462093472480774,0.8184210062026978,0.42691197991371155,0,0.0561397559940815,-0.4408929944038391,0.8958020210266113,0,0,0.02031799964606762,0,1,0.9994019865989685,0.0028064509388059378,-0.03447405993938446,0,0.0207014512270689,0.7499369978904724,0.6611850261688232,0,0.02770894207060337,-0.6615030169487,0.7494300603866577,0,-0.000018999999156221747,0.029631000012159348,0.006326000206172466,1,-0.9842520356178284,-0.06743019074201584,0.1634044647216797,0,0.17184260487556458,-0.5817282795906067,0.7950235605239868,0,0.04144842550158501,0.8105837106704712,0.5841549634933472,0,0.1705009937286377,-0.09342499822378159,0.0014019999653100967,1,0.9952689409255981,0.0831337720155716,0.05029129609465599,0,0.05735072121024132,-0.08483285456895828,-0.9947432279586792,0,-0.07843039184808731,0.9929211735725403,-0.08919926732778549,0,0,0.7455189824104309,0,1,0.9760128855705261,-0.043299853801727295,0.21336223185062408,0,-0.21682947874069214,-0.10519722104072571,0.9705248475074768,0,-0.019578471779823303,-0.9935080409049988,-0.11206252872943878,0,0,0.7359690070152283,0,1,0.9969760179519653,0.06835010647773743,0.036976974457502365,0,-0.07546097785234451,0.9651640057563782,0.25052696466445923,0,-0.01856529712677002,-0.25255969166755676,0.9674030542373657,0,0,0.2858310043811798,0,1,-0.9288497567176819,0.24643968045711517,-0.2765980064868927,0,-0.36295923590660095,-0.7548556327819824,0.5463098287582397,0,-0.07415910065174103,0.6078331470489502,0.7905945181846619,0,-0.1705009937286377,-0.09342499822378159,0.014719000086188316,1,0.9882290363311768,0.1467358022928238,0.043277427554130554,0,0.04010294750332832,0.024525156244635582,-0.9988949298858643,0,-0.14763495326042175,0.9888719320297241,0.018351923674345016,0,0,0.7471349835395813,0,1,0.9761960506439209,0.18770334124565125,-0.10866817086935043,0,0.186567023396492,-0.471204936504364,0.8620671033859253,0,0.1106078177690506,-0.8618198037147522,-0.4950072765350342,0,0,0.7454230189323425,0,1,0.9938649535179138,-0.09500002861022949,-0.0566406212747097,0,0.10955285280942917,0.9159636497497559,0.3860158920288086,0,0.015209225937724113,-0.3898526132106781,0.9207512140274048,0,0,0.3230130076408386,0,1
K0.067,-0.989296019077301,0.1038680225610733,-0.10249605029821396,0,0.10401469469070435,0.9945679903030396,0.003926522098481655,0,0.10234703868627548,-0.006776599213480949,-0.9947251677513123,0,0.008353650569915771,1.2849388122558594,0.02931426465511322,1,0.9945881366729736,0.07821916788816452,-0.06838484853506088,0,-0.029569562524557114,0.8440779447555542,0.5354042053222656,0,0.09960101544857025,-0.5304844975471497,0.8418226838111877,0,0,0.16157899796962738,-0.014773000031709671,1,0.9998999834060669,0.013130097649991512,-0.0052307057194411755,0,-0.012511172331869602,0.9944360256195068,0.1045980378985405,0,0.006574985105544329,-0.10452214628458023,0.9945009350776672,0,0,0.1892949938774109,0,1,0.9999189972877502,0.010773122310638428,-0.006749838124960661,0,-0.010003144852817059,0.994395911693573,0.10524914413690567,0,0.007845872081816196,-0.10517308115959167,0.994422972202301,0,0,0.21633799374103546,0,1,0.997529923915863,-0.060712963342666626,-0.0353303998708725,0,0.06181878596544266,0.9976029396057129,0.031096655875444412,0,0.03335774317383766,-0.03320392593741417,0.9988920092582703,0,0,0.24337999522686005,0,1,0.971409797668457,-0.21059629321098328,-0.10959886759519577,0,0.10385998338460922,0.7921000719070435,-0.6014909744262695,0,0.21348494291305542,0.5729110836982727,0.7913259863853455,0,0,0.15806099772453308,0.021291999146342278,1,0.01672075316309929,0.0400964580476284,-0.9990560412406921,0,0.9653288125991821,-0.2609747350215912,0.005682244431227446,0,-0.26050060987472534,-0.9645129442214966,-0.043069999665021896,0,0.13107499480247498,0.2195959985256195,-0.0028830000665038824,1,0.9783786535263062,0.20309822261333466,0.03907081112265587,0,-0.19831816852092743,0.8676447868347168,0.4559197425842285,0,0.05869689956307411,-0.45381060242652893,0.8891632556915283,0,0,0.25607699155807495,0,1,0.7908872961997986,0.6102635860443115,0.04555564373731613,0,-0.6119614243507385,0.788765549659729,0.057900141924619675,0,-0.00059836998116225,-0.07367075234651566,0.9972820281982422,0,0,0.394228994846344,0,1,0.7423849701881409,0.22926750779151917,0.6295239925384521,0,-0.24523599445819855,0.9674059152603149,-0.06311949342489243,0,-0.6234772205352783,-0.107523113489151,0.7744131088256836,0,0,0.34956198930740356,0,1,0.8332328796386719,0.0023728967644274235,0.5529171228408813,0,-0.15021710097789764,0.9633509516716003,0.22223930060863495,0,-0.5321258902549744,-0.2682347297668457,0.8030522465705872,0,0,0.06191499903798103,0,1,0.9614959955215454,-0.2733209431171417,-0.028653249144554138,0,0.26638302206993103,0.9525370001792908,-0.14735214412212372,0,0.06756773591041565,0.1340458244085312,0.9886689782142639,0,0,0.016459999606013298,0,1,0.8853048086166382,-0.24402333796024323,-0.3958371877670288,0,0.3810037076473236,-0.10736696422100067,0.9183180332183838,0,-0.26659122109413147,-0.9638078808784485,-0.002078681718558073,0,-0.0014830000000074506,0.023576000705361366,0.010765999555587769,1,-0.028272517025470734,-0.01419009268283844,0.9994999766349792,0,-0.9773210287094116,-0.2095387727022171,-0.030620038509368896,0,0.20986829698085785,-0.97769695520401,-0.007944042794406414,0,-0.13107499480247498,0.21946699917316437,-0.0014769999543204904,1,0.4457121193408966,-0.514679491519928,-0.732424259185791,0,0.8165690898895264,0.56903076171875,0.09705610573291779,0,0.36681878566741943,-0.6413334608078003,0.6738947033882141,0,0,0.25607699155807495,0,1,0.8341979384422302,-0.550137996673584,-0.03823600336909294,0,0.5514526963233948,0.8326442241668701,0.05103627219796181,0,0.003759995335713029,-0.0636596828699112,0.9979649186134338,0,0,0.39370399713516235,0,1,0.5680632591247559,-0.3194638788700104,-0.7584508657455444,0,0.4277380108833313,0.9019399881362915,-0.05953579396009445,0,0.7030963897705078,-0.2905980348587036,0.6490055918693542,0,0,0.34968000650405884,0,1,0.9632630348205566,-0.08404017239809036,-0.255071759223938,0,-0.014607167802751064,0.9319749474525452,-0.36222702264785767,0,0.26816225051879883,0.35264596343040466,0.8965099453926086,0,0,0.029978999868035316,0,1,0.9213659763336182,0.36851105093955994,0.12363076210021973,0,-0.38462093472480774,0.8184210062026978,0.42691197991371155,0,0.0561397559940815,-0.4408929944038391,0.8958020210266113,0,0,0.02031799964606762,0,1,0.9994019269943237,0.002806070726364851,-0.034473054111003876,0,0.020701073110103607,0.7499369978904724,0.661185085773468,0,0.027707939967513084,-0.6615029573440552,0.7494300603866577,0,-0.000018999999156221747,0.029631000012159348,0.006326000206172466,1,-0.985552966594696,-0.05374628305435181,0.16061197221279144,0,0.16604891419410706,-0.4933949410915375,0.8538084030151367,0,0.033356133848428726,0.8681434988975525,0.4951917827129364,0,0.1705009937286377,-0.09342499822378159,0.0014019999653100967,1,0.990638017654419,0.10534822940826416,0.08682645857334137,0,0.07419028878211975,0.11844970285892487,-0.9901843070983887,0,-0.11459877341985703,0.9873563051223755,0.10952500998973846,0,0,0.7455189824104309,0,1,0.9690939784049988,-0.1019366905093193,0.22464384138584137,0,-0.23471710085868835,-0.10075841099023819,0.9668279886245728,0,-0.07592049241065979,-0.9896750450134277,-0.12157066911458969,0,0,0.7359690070152283,0,1,0.9969699382781982,0.07778727263212204,0.0005595997208729386,0,-0.0757136344909668,0.9686920046806335,0.23643924295902252,0,0.0178498774766922,-0.23576509952545166,0.9716460108757019,0,0,0.2858310043811798,0,1,-0.9125910401344299,0.30282947421073914,-0.2747211158275604,0,-0.39963456988334656,-0.8026583790779114,0.44275546073913574,0,-0.08642776310443878,0.5138425230979919,0.8535196781158447,0,-0.1705009937286377,-0.09342499822378159,0.014719000086188316,1,0.9859151244163513,0.1516156792640686,0.07060474157333374,0,0.06074751168489456,0.06869563460350037,-0.9957860112190247,0,-0.15582692623138428,0.9860489368438721,0.05851775035262108,0,0,0.7471349835395813,0,1,0.9749419689178467,0.20633815228939056,-0.08313827216625214,0,0.17189647257328033,-0.4615403413772583,0.8703057765960693,0,0.14120565354824066,-0.8627890944480896,-0.48544400930404663,0,0,0.7454230189323425,0,1,0.9917770028114319,-0.07475215196609497,-0.10388105362653732,0,0.11734199523925781,0.855143666267395,0.5049358010292053,0,0.05108815059065819,-0.512972891330719,0.8568826913833618,0,0,0.3230130076408386,0,1
K0.100,-0.9856399893760681,0.10702397674322128,-0.1306091845035553,0,0.1120196133852005,0.9932069778442383,-0.03149921074509621,0,0.1263507902622223,-0.04567769169807434,-0.9909334778785706,0,0.0005609497311525047,1.3080849647521973,0.0276024267077446,1,0.989674985408783,0.05543829873204231,-0.1321776956319809,0,0.016419297084212303,0.8722520470619202,0.4887809455394745,0,0.14238931238651276,-0.4859040677547455,0.8623349666595459,0,0,0.16157899796962738,-0.014773000031709671,1,0.9997860193252563,-0.0001043414231389761,-0.02070213481783867,0,0.0020876582711935043,0.9953979253768921,0.09580414742231369,0,0.020596861839294434,-0.09582685679197311,0.9951850175857544,0,0,0.1892949938774109,0,1,0.9997720718383789,-0.00219814688898623,-0.021243033930659294,0,0.004236852750182152,0.9953330159187317,0.09640800952911377,0,0.020931966602802277,-0.0964759960770607,0.9951149821281433,0,0,0.21633799374103546,0,1,0.9969619512557983,-0.07235126197338104,-0.02885492704808712,0,0.07366073876619339,0.9961640238761902,0.047244034707546234,0,0.025326071307063103,-0.04922597110271454,0.9984670281410217,0,0,0.24337999522686005,0,1,0.9834280014038086,-0.16301032900810242,-0.07935383170843124,0,0.08549267053604126,0.8029360771179199,-0.5899019837379456,0,0.15987616777420044,0.573341965675354,0.8035659790039062,0,0,0.15806099772453308,0.021291999146342278,1,0.03192071244120598,0.0452205054461956,-0.9984670877456665,0,0.9713521599769592,-0.2367737740278244,0.020330434665083885,0,-0.23549143970012665,-0.9705121517181396,-0.05148308351635933,0,0.13107499480247498,0.2195959985256195,-0.0028830000665038824,1,0.9931440353393555,0.11574584245681763,-0.01638789102435112,0,-0.09370414167642593,0.8720341324806213,0.4803917407989502,0,0.06989410519599915,-0.47556227445602417,0.876900851726532,0,0,0.25607699155807495,0,1,0.7693471312522888,0.6370557546615601,0.047593794763088226,0,-0.6388280987739563,0.7669718861579895,0.06044195964932442,0,0.0020017949864268303,-0.07690504193305969,0.9970359802246094,0,0,0.394228994846344,0,1,0.8275299668312073,0.20396792888641357,0.5230602025985718,0,-0.23354609310626984,0.9722980260848999,-0.009657073765993118,0,-0.5105398297309875,-0.11416707187891006,0.852241039276123,0,0,0.34956198930740356,0,1,0.8332328796386719,0.0023730252869427204,0.5529171228408813,0,-0.1502169668674469,0.9633510708808899,0.22223883867263794,0,-0.5321258306503296,-0.26823416352272034,0.8030520081520081,0,0,0.06191499903798103,0,1,0.9614959955215454,-0.2733209431171417,-0.028653182089328766,0,0.2663830518722534,0.9525370001792908,-0.1473526656627655,0,0.06756780296564102,0.13404631614685059,0.9886689186096191,0,0,0.016459999606013298,0,1,0.8853048086166382,-0.24402333796024323,-0.3958371877670288,0,0.3810037076473236,-0.10736696422100067,0.9183180332183838,0,-0.26659122109413147,-0.9638078808784485,-0.002078681718558073,0,-0.0014830000000074506,0.023576000705361366,0.010765999555587769,1,-0.03202826902270317,-0.012254147790372372,0.999411940574646,0,-0.9832149147987366,-0.17930804193019867,-0.033707793802022934,0,0.1796158254146576,-0.9837170839309692,-0.006305504124611616,0,-0.13107499480247498,0.21946699917316437,-0.0014769999543204904,1,0.4841349124908447,-0.5084241628646851,-0.7121228575706482,0,0.7958598732948303,0.5940871238708496,0.11691144853830338,0,0.36362215876579285,-0.6233505606651306,0.6922522783279419,0,0,0.25607699155807495,0,1,0.8155011534690857,-0.577373743057251,-0.0399659126996994,0,0.5787531733512878,0.8137418031692505,0.053562965244054794,0,0.0015960835153236985,-0.06681104004383087,0.997763991355896,0,0,0.39370399713516235,0,1,0.5370230674743652,-0.31884968280792236,-0.7809870839118958,0,0.42588531970977783,0.901641845703125,-0.07526109367609024,0,0.7281678915023804,-0.29219409823417664,0.6199960708618164,0,0,0.34968000650405884,0,1,0.9632629156112671,-0.08404025435447693,-0.2550722062587738,0,-0.014607253484427929,0.9319749474525452,-0.3622269928455353,0,0.2681627571582794,0.35264599323272705,0.8965100049972534,0,0,0.029978999868035316,0,1,0.9213659763336182,0.36851105093955994,0.12363076210021973,0,-0.38462093472480774,0.8184210062026978,0.42691197991371155,0,0.0561397559940815,-0.4408929944038391,0.8958020210266113,0,0,0.02031799964606762,0,1,0.9994020462036133,0.0028067606035619974,-0.034473370760679245,0,0.020700762048363686,0.7499369978904724,0.661185085773468,0,0.0277086328715086,-0.6615030169487,0.7494300603866577,0,-0.000018999999156221747,0.029631000012159348,0.006326000206172466,1,-0.9830809831619263,-0.06347183883190155,0.17182216048240662,0,0.18227818608283997,-0.43148672580718994,0.8835120797157288,0,0.018060855567455292,0.8998838663101196,0.4357561767101288,0,0.1705009937286377,-0.09342499822378159,0.0014019999653100967,1,0.9880208969116211,0.09037741273641586,0.12508626282215118,0,0.08579041063785553,0.35208964347839355,-0.9320260882377625,0,-0.12827573716640472,0.9315928220748901,0.34011855721473694,0,0,0.7455189824104309,0,1,0.9533151984214783,-0.1417737752199173,0.2666275203227997,0,-0.2820497751235962,-0.1026080772280693,0.9538970589637756,0,-0.10787946730852127,-0.9845669269561768,-0.13780513405799866,0,0,0.7359690070152283,0,1,0.9969369769096375,0.07819228619337082,-0.001485826214775443,0,-0.07576069980859756,0.9703001379966736,0.2297346442937851,0,0.019405173137784004,-0.22891835868358612,0.9732518792152405,0,0,0.2858310043811798,0,1,-0.9003870487213135,0.34637129306793213,-0.26330673694610596,0,-0.42110970616340637,-0.845936119556427,0.32719916105270386,0,-0.10940827429294586,0.4054868221282959,0.9075300693511963,0,-0.1705009937286377,-0.09342499822378159,0.014719000086188316,1,0.9847909212112427,0.1408592164516449,0.10170818120241165,0,0.07933923602104187,0.15620210766792297,-0.9845330119132996,0,-0.15456780791282654,0.977630078792572,0.14265096187591553,0,0,0.7471349835395813,0,1,0.971981942653656,0.2218773066997528,-0.07759827375411987,0,0.1653423011302948,-0.4107319414615631,0.8966389298439026,0,0.16707174479961395,-0.8843472003936768,-0.4359097480773926,0,0,0.7454230189323425,0,1,0.98683100938797,-0.03885607048869133,-0.15701603889465332,0,0.12638093531131744,0.791067898273468,0.5985301733016968,0,0.10095396637916565,-0.6104928255081177,0.7855620980262756,0,0,0.3230130076408386,0,1
K0.133,-0.984465479850769,0.09776952117681503,-0.14583562314510345,0,0.10988344997167587,0.9909228682518005,-0.07744631171226501,0,0.1369399130344391,-0.09226814657449722,-0.9862722754478455,0,-0.010882329195737839,1.3302371501922607,0.01528067234903574,1,0.9815399646759033,0.02493658848106861,-0.18962650001049042,0,0.058625478297472,0.9045103192329407,0.4224022626876831,0,0.1820523887872696,-0.4257216453552246,0.8863511085510254,0,0,0.16157899796962738,-0.014773000031709671,1,0.9993039965629578,-0.012380847707390785,-0.03517889603972435,0,0.015447369776666164,0.995975911617279,0.08827998489141464,0,0.033944353461265564,-0.08876196295022964,0.9954739212989807,0,0,0.1892949938774109,0,1,0.9992919564247131,-0.014136288315057755,-0.03487098589539528,0,0.017191920429468155,0.9958879947662354,0.08894471079111099,0,0.03347025066614151,-0.08948124200105667,0.9954259395599365,0,0,0.21633799374103546,0,1,0.9961569905281067,-0.08459991961717606,-0.022679002955555916,0,0.08575134724378586,0.9947519302368164,0.0558168850839138,0,0.01783786714076996,-0.05754709988832474,0.998183012008667,0,0,0.24337999522686005,0,1,0.9940600395202637,-0.09591998159885406,-0.051427096128463745,0,0.04964775592088699,0.8201324343681335,-0.5700154304504395,0,0.09685289114713669,0.5640762448310852,0.8200230598449707,0,0,0.15806099772453308,0.021291999146342278,1,0.04103996977210045,0.050811558961868286,-0.9978650808334351,0,0.9765781164169312,-0.21315892040729523,0.029310420155525208,0,-0.2112143188714981,-0.9756952524185181,-0.05836949497461319,0,0.13107499480247498,0.2195959985256195,-0.0028830000665038824,1,0.996720016002655,0.062134966254234314,-0.05184922739863396,0,-0.028845839202404022,0.8713911175727844,0.4897397756576538,0,0.07561098039150238,-0.4866381585597992,0.8703259229660034,0,0,0.25607699155807495,0,1,0.7696089744567871,0.6367409825325012,0.047569043934345245,0,-0.6385127305984497,0.7672373056411743,0.06041199341416359,0,0.0019700429402291775,-0.0768669843673706,0.9970390200614929,0,0,0.394228994846344,0,1,0.8756191730499268,0.19265741109848022,0.4429144859313965,0,-0.23005670309066772,0.9726600646972656,0.03172596916556358,0,-0.4246929883956909,-0.12967529892921448,0.896001935005188,0,0,0.34956198930740356,0,1,0.8332327604293823,0.002374000148847699,0.5529173612594604,0,-0.15021799504756927,0.9633510708808899,0.22223855555057526,0,-0.53212571144104,-0.2682344615459442,0.8030520081520081,0,0,0.06191499903798103,0,1,0.9614959955215454,-0.2733209431171417,-0.028653249144554138,0,0.26638302206993103,0.9525370001792908,-0.14735214412212372,0,0.06756773591041565,0.1340458244085312,0.9886689782142639,0,0,0.016459999606013298,0,1,0.8853051066398621,-0.2440229207277298,-0.3958377540111542,0,0.38100409507751465,-0.10736709833145142,0.9183178544044495,0,-0.26659077405929565,-0.9638080596923828,-0.0020789122208952904,0,-0.0014830000000074506,0.023576000705361366,0.010765999555587769,1,-0.04941472411155701,-0.007683731149882078,0.9987490177154541,0,-0.9839658737182617,-0.1712053418159485,-0.050000470131635666,0,0.17137542366981506,-0.9852060079574585,0.0008995586540549994,0,-0.13107499480247498,0.21946699917316437,-0.0014769999543204904,1,0.5404164791107178,-0.4636823534965515,-0.7021031379699707,0,0.765089750289917,0.6180402636528015,0.1807323396205902,0,0.35012561082839966,-0.634842574596405,0.6887577176094055,0,0,0.25607699155807495,0,1,0.8087399005889893,-0.5867640376091003,-0.040592022240161896,0,0.5881657600402832,0.8069061040878296,0.05443410202860832,0,0.000813973369076848,-0.06789787858724594,0.9976919293403625,0,0,0.39370399713516235,0,1,0.572965681552887,-0.31158095598220825,-0.7580424547195435,0,0.42213690280914307,0.904987096786499,-0.052908334881067276,0,0.7025032043457031,-0.2896827757358551,0.6500558257102966,0,0,0.34968000650405884,0,1,0.9632630348205566,-0.08404017239809036,-0.255071759223938,0,-0.014607167802751064,0.9319749474525452,-0.36222702264785767,0,0.26816225051879883,0.35264596343040466,0.8965099453926086,0,0,0.029978999868035316,0,1,0.9213659763336182,0.36851105093955994,0.12363076210021973,0,-0.38462093472480774,0.8184210062026978,0.42691197991371155,0,0.0561397559940815,-0.4408929944038391,0.8958020210266113,0,0,0.02031799964606762,0,1,0.9994019269943237,0.002806260483339429,-0.03447355702519417,0,0.02070126309990883,0.7499369978904724,0.661185085773468,0,0.027708442881703377,-0.6615030169487,0.7494300603866577,0,-0.000018999999156221747,0.029631000012159348,0.006326000206172466,1,-0.9799109697341919,-0.08051815629005432,0.18245629966259003,0,0.19943301379680634,-0.3961290419101715,0.896274983882904,0,0.00010982989624608308,0.9146579504013062,0.4042293131351471,0,0.1705009937286377,-0.09342499822378159,0.0014019999653100967,1,0.9869340658187866,0.059574324637651443,0.1497090756893158,0,0.08794264495372772,0.5793764591217041,-0.8103019595146179,0,-0.1350109875202179,0.8128798007965088,0.5665667653083801,0,0,0.7455189824104309,0,1,0.9382041692733765,-0.16358645260334015,0.3049810528755188,0,-0.3229764401912689,-0.09725633263587952,0.9413960576057434,0,-0.12433823198080063,-0.981722891330719,-0.14408080279827118,0,0,0.7359690070152283,0,1,0.9969180822372437,0.07840455323457718,-0.0025896455626934767,0,-0.07579044252634048,0.971147894859314,0.22611507773399353,0,0.02024337649345398,-0.2252218872308731,0.9740970730781555,0,0,0.2858310043811798,0,1,-0.8944469690322876,0.3735332190990448,-0.24583952128887177,0,-0.42578181624412537,-0.8794122338294983,0.21294216811656952,0,-0.13665331900119781,0.29513952136039734,0.9456314444541931,0,-0.1705009937286377,-0.09342499822378159,0.014719000086188316,1,0.9828938841819763,0.12850096821784973,0.1319386214017868,0,0.09335129708051682,0.2699413597583771,-0.958340585231781,0,-0.15876337885856628,0.9542637467384338,0.25332796573638916,0,0,0.7471349835395813,0,1,0.969700038433075,0.22295495867729187,-0.09986720979213715,0,0.16502124071121216,-0.29635968804359436,0.9407117962837219,0,0.18013978004455566,-0.928688645362854,-0.32417234778404236,0,0,0.7454230189323425,0,1,0.9770747423171997,0.016897963359951973,-0.21222399175167084,0,0.14586415886878967,0.6729749441146851,0.7251399755477905,0,0.15507490932941437,-0.7394722700119019,0.6550824642181396,0,0,0.3230130076408386,0,1
