4.900,30,146,33
B0,mixamorig_Hips,-1,0.9938870072364807,-0.05658590793609619,0.09480174630880356,0,0.06242308393120766,0.996258020401001,-0.059780821204185486,0,-0.0910642221570015,0.06533318012952805,0.9936999678611755,0,-0.0001500000071246177,1.591547966003418,0.03371699899435043,1
B1,mixamorig_Spine,0,0.9986370205879211,0.04623934254050255,-0.024221936240792274,0,-0.04723065719008446,0.997996985912323,-0.04209219664335251,0,0.0222270879894495,0.04317881539463997,0.9988200068473816,0,0,0.17263300716876984,-0.017503000795841217,1
B2,mixamorig_Spine1,1,0.9996150135993958,0.027615083381533623,-0.0026040778029710054,0,-0.02755691297352314,0.9994159936904907,0.02021927386522293,0,0.003160913474857807,-0.020139725878834724,0.9997919797897339,0,0,0.20243699848651886,0,1
B3,mixamorig_Spine2,2,0.9996110200881958,0.027713723480701447,-0.0029927995055913925,0,-0.02764926850795746,0.999422013759613,0.019778214395046234,0,0.003539199475198984,-0.01968778297305107,0.9998000264167786,0,0,0.23135699331760406,0,1
B4,mixamorig_Neck,3,0.9999680519104004,0.007506141439080238,0.0029212136287242174,0,-0.007935820147395134,0.9801890254020691,0.1979071944952011,0,-0.0013778203865513206,-0.19792380928993225,0.9802160859107971,0,0,0.2602759897708893,0,1
B5,mixamorig_Head,4,0.9997109770774841,-0.004554147366434336,-0.023614997044205666,0,0.0014058613451197743,0.9912949800491333,-0.13165567815303802,0,0.024008985608816147,0.1315843164920807,0.9910139441490173,0,0,0.1511559933423996,0.0019759999122470617,1
B6,mixamorig_HeadTop_End,5,1,0,0,0,0,1,0,0,0,0,1,0,0,0.3024750053882599,0.00395399983972311,1
B7,mixamorig_LeftShoulder,3,0.24263590574264526,0.025018148124217987,-0.9697949886322021,0,0.8590559363365173,-0.46999192237854004,0.20280517637729645,0,-0.4507220685482025,-0.882315993309021,-0.13552886247634888,0,0.12603799998760223,0.22824600338935852,-0.004809999838471413,1
B8,mixamorig_LeftArm,7,0.9471538662910461,0.2513723373413086,-0.19927701354026794,0,0.04237121716141701,0.517745852470398,0.8544840812683105,0,0.3179686665534973,-0.8177719116210938,0.47973427176475525,0,0,0.2591420114040375,0,1
B9,mixamorig_LeftForeArm,8,0.9993119835853577,0.02526610717177391,0.02713589556515217,0,-0.025340888649225235,0.9996759295463562,0.002415008842945099,0,-0.027066102251410484,-0.003100997069850564,0.9996290802955627,0,0,0.42149999737739563,0,1
B10,mixamorig_LeftHand,9,0.8400660157203674,0.024371923878788948,0.5419370532035828,0,-0.08336489647626877,0.9929240345954895,0.0845717191696167,0,-0.5360408425331116,-0.11622428894042969,0.8361530303955078,0,0,0.35838401317596436,0,1
B11,mixamorig_LeftHandIndex1,10,0.7103962898254395,-0.09303683787584305,0.6976257562637329,0,-0.0010237328242510557,0.991087019443512,0.13321590423583984,0,-0.7038012146949768,-0.09535019099712372,0.7039687037467957,0,0,0.028882000595331192,0,1
B12,mixamorig_LeftHandIndex2,11,0.9981750845909119,-0.060288917273283005,0.0033479270059615374,0,0.059797078371047974,0.9946860671043396,0.08381207287311554,0,-0.008383075706660748,-0.08345892280340195,0.9964759349822998,0,0,0.014773000031709671,0,1
B13,mixamorig_LeftHandIndex3,12,0.7028568983078003,-0.683641254901886,-0.19653558731079102,0,0.6071282029151917,0.4325741231441498,0.66653972864151,0,-0.37065789103507996,-0.5878044962882996,0.7190957069396973,0,0.004189999774098396,0.02102000080049038,0.0016820000018924475,1
B14,mixamorig_LeftHandIndex4,13,1,0,0,0,0,1,0,0,0,0,1,0,-0.0049390001222491264,0.007519999984651804,-0.006014999933540821,1
B15,mixamorig_RightShoulder,3,0.22675085067749023,-0.02457188256084919,0.9736430048942566,0,-0.8430068492889404,-0.5056121349334717,0.1835668981075287,0,0.4877747893333435,-0.8624109625816345,-0.13536205887794495,0,-0.12603799998760223,0.22793200612068176,-0.0017170000355690718,1
B16,mixamorig_RightArm,15,0.8786841034889221,-0.3288787603378296,0.3460528552532196,0,-0.062249988317489624,0.6397469639778137,0.7660600543022156,0,-0.47332727909088135,-0.6946668028831482,0.5416629910469055,0,0,0.2591420114040375,0,1
B17,mixamorig_RightForeArm,16,0.9929800629615784,-0.1157267689704895,-0.024466965347528458,0,0.11601423472166061,0.9931899309158325,0.010674205608665943,0,0.023065056651830673,-0.013437793590128422,0.9996439814567566,0,0,0.4207189977169037,0,1
B18,mixamorig_RightHand,17,0.7322098612785339,0.059722017496824265,-0.6784551739692688,0,0.027217000722885132,0.9927870631217957,0.11676498502492905,0,0.6805349588394165,-0.1039620041847229,0.7253031134605408,0,0,0.3589490056037903,0,1
B19,mixamorig_RightHandIndex1,18,0.9991390705108643,0.04086070507764816,-0.007156012579798698,0,-0.03977928310632706,0.9926749467849731,0.11408041417598724,0,0.011765004135668278,-0.11369757354259491,0.9934459924697876,0,0,0.05530700087547302,0,1
B20,mixamorig_RightHandIndex2,19,0.9550560116767883,0.2868240773677826,0.07483295351266861,0,-0.27861297130584717,0.7823970913887024,0.5569828152656555,0,0.10120698064565659,-0.5527991056442261,0.8271458745002747,0,0,0.008616999723017216,0,1
B21,mixamorig_RightHandIndex3,20,0.9922040104866028,0.10507006198167801,0.06701893359422684,0,-0.1235559955239296,0.7590820789337158,0.6391618847846985,0,0.016283925622701645,-0.6424600481987,0.7661468982696533,0,0.0017600000137463212,0.013079999946057796,-0.00483600003644824,1
B22,mixamorig_RightHandIndex4,21,1,0,0,0,0,1,0,0,0,0,1,0,0.0009899999713525176,0.004310999996960163,-0.005929000210016966,1
B23,mixamorig_LeftUpLeg,0,-0.9433640241622925,-0.1680297702550888,0.28605979681015015,0,0.21016114950180054,-0.9698499441146851,0.12338259816169739,0,0.25670310854911804,0.17651335895061493,0.9502349495887756,0,0.13043799996376038,-0.09577500075101852,-0.04069799929857254,1
B24,mixamorig_LeftLeg,23,0.999629020690918,-0.007051241584122181,0.026316886767745018,0,0.013834798708558083,0.9634999632835388,-0.2673490345478058,0,-0.023471176624298096,0.26761394739151,0.9632400274276733,0,0,0.70135498046875,0,1
B25,mixamorig_LeftFoot,24,0.9701569676399231,-0.0891490951180458,0.22549526393413544,0,-0.17071585357189178,0.4092918336391449,0.8962900638580322,0,-0.1721968650817871,-0.9080379605293274,0.3818582594394684,0,0,0.6600949764251709,0,1
B26,mixamorig_LeftToeBase,25,0.9778899550437927,-0.024816058576107025,0.207642063498497,0,-0.07748699188232422,0.8792551159858704,0.47000786662101746,0,-0.19423389434814453,-0.4757050573825836,0.8578909635543823,0,0,0.32871800661087036,0,1
B27,mixamorig_LeftToe_End,26,1,0,0,0,0,1,0,0,0,0,1,0,0,0.1396699994802475,0,1
B28,mixamorig_RightUpLeg,0,-0.9833178520202637,-0.014544086530804634,-0.1813144087791443,0,0.0188378244638443,-0.9995810389518738,-0.021981585770845413,0,-0.18091857433319092,-0.025030435994267464,0.9831790328025818,0,-0.13043799996376038,-0.09577500075101852,-0.031863998621702194,1
B29,mixamorig_RightLeg,28,0.986499011516571,0.008066656067967415,-0.16356903314590454,0,-0.03822631388902664,0.9825379848480225,-0.1820908635854721,0,0.15924391150474548,0.18588507175445557,0.9695809483528137,0,0,0.7014639973640442,0,1
B30,mixamorig_RightFoot,29,0.970166027545929,0.04214003309607506,-0.23875077068805695,0,0.21427518129348755,0.3116602301597595,0.925717830657959,0,0.11341895908117294,-0.9492590427398682,0.2933327853679657,0,0,0.6606119871139526,0,1
B31,mixamorig_RightToeBase,30,0.9735199809074402,0.03789232671260834,-0.2254388928413391,0,0.08291628956794739,0.8604801893234253,0.5026917457580566,0,0.21303391456604004,-0.508073091506958,0.8345529437065125,0,0,0.3293890058994293,0,1
B32,mixamorig_RightToe_End,31,1,0,0,0,0,1,0,0,0,0,1,0,0,0.1386989951133728,0,1
@28,0,1,2,3,4,5,7,8,9,10,11,12,13,15,16,17,18,19,20,21,23,24,25,26,28,29,30,31
K0,-0.9939919114112854,-0.05658590793609619,-0.09369422495365143,0,-0.06235642731189728,0.996258020401001,0.059850335121154785,0,0.08995691686868668,0.06533318012952805,-0.993800699710846,0,0.00011243006156291813,1.591547966003418,-0.033717140555381775,1,0.9986370205879211,0.04623934626579285,-0.02422192506492138,0,-0.04723065719008446,0.997996985912323,-0.04209219291806221,0,0.022227076813578606,0.04317881166934967,0.9988200068473816,0,0,0.17263300716876984,-0.017503000795841217,1,0.9996150135993958,0.027615085244178772,-0.002604082226753235,0,-0.02755691483616829,0.9994159936904907,0.02021927386522293,0,0.0031609181314706802,-0.020139725878834724,0.9997919797897339,0,0,0.20243699848651886,0,1,0.9996110200881958,0.027713727205991745,-0.00299279997125268,0,-0.027649272233247757,0.999422013759613,0.019778216257691383,0,0.003539200173690915,-0.01968778483569622,0.9998000264167786,0,0,0.23135699331760406,0,1,0.9999680519104004,0.0075061628594994545,0.00292119849473238,0,-0.007935837842524052,0.9801890254020691,0.1979071944952011,0,-0.0013778015272691846,-0.19792380928993225,0.9802160859107971,0,0,0.2602759897708893,0,1,0.9997109770774841,-0.0045541441068053246,-0.02361500822007656,0,0.001405856222845614,0.9912949800491333,-0.13165569305419922,0,0.024008994922041893,0.13158433139324188,0.9910139441490173,0,0,0.1511559933423996,0.0019759999122470617,1,0.24263593554496765,0.025018246844410896,-0.9697950482368469,0,0.8590559363365173,-0.4699922502040863,0.20280522108078003,0,-0.45072224736213684,-0.8823159337043762,-0.13552916049957275,0,0.12603799998760223,0.22824600338935852,-0.004809999838471413,1,0.9471538662910461,0.2513723373413086,-0.19927720725536346,0,0.042371369898319244,0.517745852470398,0.8544840812683105,0,0.31796878576278687,-0.8177719116210938,0.4797342121601105,0,0,0.2591420114040375,0,1,0.9993119835853577,0.02526610717177391,0.027135897427797318,0,-0.025340888649225235,0.9996759295463562,0.002415006048977375,0,-0.027066104114055634,-0.00310099427588284,0.9996290802955627,0,0,0.42149999737739563,0,1,0.8400660157203674,0.02437201328575611,0.5419371128082275,0,-0.08336498588323593,0.9929240345954895,0.08457168191671371,0,-0.5360409021377563,-0.11622431129217148,0.836152970790863,0,0,0.35838401317596436,0,1,0.7103962898254395,-0.09303676337003708,0.6976257562637329,0,-0.0010237526148557663,0.991087019443512,0.13321581482887268,0,-0.7038012146949768,-0.09535013884305954,0.7039687633514404,0,0,0.028882000595331192,0,1,0.9981750249862671,-0.0602889209985733,0.003347925376147032,0,0.05979708209633827,0.9946860671043396,0.08381207287311554,0,-0.008383074775338173,-0.08345892280340195,0.9964759349822998,0,0,0.014773000031709671,0,1,0.7028571367263794,-0.6836410164833069,-0.19653558731079102,0,0.6071280837059021,0.43257439136505127,0.6665396094322205,0,-0.37065762281417847,-0.5878044962882996,0.7190958261489868,0,0.004189999774098396,0.02102000080049038,0.0016820000018924475,1,0.22675061225891113,-0.024571958929300308,0.9736431241035461,0,-0.8430070281028748,-0.5056122541427612,0.18356676399707794,0,0.4877748191356659,-0.8624111413955688,-0.1353621780872345,0,-0.12603799998760223,0.22793200612068176,-0.0017170000355690718,1,0.8786841034889221,-0.32887887954711914,0.34605273604393005,0,-0.06224987655878067,0.6397468447685242,0.7660601735115051,0,-0.47332730889320374,-0.694666862487793,0.5416629314422607,0,0,0.2591420114040375,0,1,0.9929800629615784,-0.1157267615199089,-0.02446695603430271,0,0.11601422727108002,0.9931899309158325,0.010674206539988518,0,0.023065047338604927,-0.013437792658805847,0.9996439814567566,0,0,0.4207189977169037,0,1,0.7322098612785339,0.05972201004624367,-0.678455114364624,0,0.027217011898756027,0.9927870631217957,0.11676498502492905,0,0.6805348992347717,-0.1039620041847229,0.7253031134605408,0,0,0.3589490056037903,0,1,0.9991390705108643,0.04086070880293846,-0.00715600373223424,0,-0.039779286831617355,0.9926749467849731,0.11408041417598724,0,0.011764995753765106,-0.11369757354259491,0.9934459924697876,0,0,0.05530700087547302,0,1,0.9550560116767883,0.2868240475654602,0.0748329684138298,0,-0.27861297130584717,0.7823970913887024,0.5569828748703003,0,0.10120697319507599,-0.5527991652488708,0.8271458148956299,0,0,0.008616999723017216,0,1,0.9922040104866028,0.10507003962993622,0.06701891869306564,0,-0.12355596572160721,0.7590820789337158,0.6391618847846985,0,0.016283918172121048,-0.6424600481987,0.7661468982696533,0,0.0017600000137463212,0.013079999946057796,-0.00483600003644824,1,-0.9433640241622925,-0.1680298000574112,0.2860598564147949,0,0.21016117930412292,-0.9698499441146851,0.12338260561227798,0,0.2567031681537628,0.17651337385177612,0.9502348899841309,0,0.13043799996376038,-0.09577500075101852,-0.04069799929857254,1,0.999629020690918,-0.007051225285977125,0.026316851377487183,0,0.013834773562848568,0.9634999632835388,-0.2673490345478058,0,-0.023471146821975708,0.26761394739151,0.9632400274276733,0,0,0.70135498046875,0,1,0.9701569676399231,-0.08914893120527267,0.22549527883529663,0,-0.17071594297885895,0.4092918336391449,0.8962900638580322,0,-0.17219673097133636,-0.9080380201339722,0.38185828924179077,0,0,0.6600949764251709,0,1,0.9778899550437927,-0.024816036224365234,0.2076420933008194,0,-0.0774870365858078,0.8792551159858704,0.47000789642333984,0,-0.19423392415046692,-0.475705087184906,0.8578909635543823,0,0,0.32871800661087036,0,1,-0.9833178520202637,-0.01454413216561079,-0.18131442368030548,0,0.01883786916732788,-0.9995810389518738,-0.02198156900703907,0,-0.1809185892343521,-0.025030428543686867,0.9831790328025818,0,-0.13043799996376038,-0.09577500075101852,-0.031863998621702194,1,0.986499011516571,0.008066665381193161,-0.16356906294822693,0,-0.03822633624076843,0.9825379848480225,-0.1820908933877945,0,0.15924392640590668,0.18588510155677795,0.9695809483528137,0,0,0.7014639973640442,0,1,0.970166027545929,0.0421401783823967,-0.23875084519386292,0,0.21427519619464874,0.3116602301597595,0.9257178902626038,0,0.11341913044452667,-0.9492591023445129,0.2933327555656433,0,0,0.6606119871139526,0,1,0.9735199213027954,0.03789234533905983,-0.22543896734714508,0,0.08291634917259216,0.8604801297187805,0.5026918053627014,0,0.21303397417068481,-0.5080731511116028,0.8345528244972229,0,0,0.3293890058994293,0,1
K0.034,-0.9939826726913452,-0.05664379149675369,-0.09374932199716568,0,-0.062374819070100784,0.9962851405143738,0.05937257409095764,0,0.090038001537323,0.0648629441857338,-0.993823766708374,0,0.00008811876614345238,1.5915683507919312,-0.03379951789975166,1,0.9986461400985718,0.046153079718351364,-0.02399924397468567,0,-0.04713849350810051,0.9979939460754395,-0.04225898161530495,0,0.022000707685947418,0.043333038687705994,0.9988179802894592,0,0,0.17263300716876984,-0.017503000795841217,1,0.9996169209480286,0.027574479579925537,-0.0025153160095214844,0,-0.027518255636096,0.9994180202484131,0.02016415446996689,0,0.003069865284487605,-0.020087195560336113,0.9997930526733398,0,0,0.20243699848651886,0,1,0.9996130466461182,0.027673153206706047,-0.0029045136179775,0,-0.02761060930788517,0.9994240403175354,0.019724085927009583,0,0.0034486670047044754,-0.019636251032352448,0.999800980091095,0,0,0.23135699331760406,0,1,0.9999669790267944,0.007554819341748953,0.0029168936889618635,0,-0.007982711307704449,0.9801849722862244,0.1979253739118576,0,-0.001363805029541254,-0.19794215261936188,0.9802129864692688,0,0,0.2602759897708893,0,1,0.9997109174728394,-0.004634146578609943,-0.02360674925148487,0,0.0014890071470290422,0.9913091659545898,-0.13154266774654388,0,0.024011166766285896,0.1314694583415985,0.9910292029380798,0,0,0.1511559933423996,0.0019759999122470617,1,0.2428654432296753,0.024995602667331696,-0.9697381854057312,0,0.8591414093971252,-0.46972692012786865,0.20305964350700378,0,-0.45043644309043884,-0.8824583888053894,-0.135555237531662,0,0.12603799998760223,0.22824600338935852,-0.004809999838471413,1,0.9469926953315735,0.2515806257724762,-0.199778750538826,0,0.042777013033628464,0.5175831317901611,0.8545624017715454,0,0.3183935582637787,-0.8178105354309082,0.47938570380210876,0,0,0.2591420114040375,0,1,0.9993160963058472,0.02513127028942108,0.027139106765389442,0,-0.02520563453435898,0.9996790885925293,0.0024020725395530462,0,-0.02707003429532051,-0.00308448844589293,0.999629020690918,0,0,0.42149999737739563,0,1,0.8401380777359009,0.0240875743329525,0.5418365001678467,0,-0.08309269696474075,0.9929361939430237,0.08469697833061218,0,-0.5359687209129333,-0.11617978662252426,0.8362047672271729,0,0,0.35838401317596436,0,1,0.7103960514068604,-0.0930367261171341,0.6976249814033508,0,-0.0010237273527309299,0.9910860657691956,0.1332157850265503,0,-0.7038009762763977,-0.09535021334886551,0.7039690017700195,0,0,0.028882000595331192,0,1,0.9981750249862671,-0.0602889209985733,0.003347925376147032,0,0.05979708209633827,0.9946860671043396,0.08381207287311554,0,-0.008383074775338173,-0.08345892280340195,0.9964759349822998,0,0,0.014773000031709671,0,1,0.7028570175170898,-0.6836409568786621,-0.19653527438640594,0,0.6071280837059021,0.4325747489929199,0.6665391325950623,0,-0.3706572949886322,-0.5878039002418518,0.7190960049629211,0,0.004189999774098396,0.02102000080049038,0.0016820000018924475,1,0.226965069770813,-0.024564236402511597,0.9735932946205139,0,-0.8431937098503113,-0.5052071809768677,0.18381954729557037,0,0.4873509407043457,-0.8626483678817749,-0.13537676632404327,0,-0.12603799998760223,0.22793200612068176,-0.0017170000355690718,1,0.8785975575447083,-0.3289230167865753,0.3462318778038025,0,-0.06226123124361038,0.6399154663085938,0.7659189105033875,0,-0.4734872877597809,-0.6944910287857056,0.5417488217353821,0,0,0.2591420114040375,0,1,0.9930013418197632,-0.11554434895515442,-0.024470815435051918,0,0.1158314049243927,0.9932112693786621,0.010656772181391716,0,0.023073364049196243,-0.013416680507361889,0.9996439814567566,0,0,0.4207189977169037,0,1,0.732474684715271,0.05981304123997688,-0.6781617999076843,0,0.027149997651576996,0.9927738308906555,0.11688584089279175,0,0.6802526712417603,-0.10402803122997284,0.7255579233169556,0,0,0.3589490056037903,0,1,0.9991390109062195,0.040860213339328766,-0.007156021427363157,0,-0.03977879881858826,0.9926750063896179,0.11408092826604843,0,0.011764977127313614,-0.1136980727314949,0.9934459328651428,0,0,0.05530700087547302,0,1,0.9550560116767883,0.28682413697242737,0.07483292371034622,0,-0.27861288189888,0.7823969125747681,0.5569822192192078,0,0.10120692849159241,-0.5527988076210022,0.827146053314209,0,0,0.008616999723017216,0,1,0.9922040104866028,0.10507000982761383,0.06701885163784027,0,-0.12355601042509079,0.7590831518173218,0.6391618251800537,0,0.016283856704831123,-0.6424591541290283,0.7661468982696533,0,0.0017600000137463212,0.013079999946057796,-0.00483600003644824,1,-0.9434424638748169,-0.1679706871509552,0.2858349084854126,0,0.210180401802063,-0.9697883129119873,0.12383764982223511,0,0.2563982307910919,0.17691059410572052,0.9502435922622681,0,0.13043799996376038,-0.09577500075101852,-0.04069799929857254,1,0.9996229410171509,-0.006999282632023096,0.026536140590906143,0,0.013843799009919167,0.9634964466094971,-0.2673634886741638,0,-0.023696133866906166,0.26763013005256653,0.9632304310798645,0,0,0.70135498046875,0,1,0.9701611399650574,-0.08910796791315079,0.225495845079422,0,-0.17071039974689484,0.40940797328948975,0.8962386846542358,0,-0.172181636095047,-0.9079895615577698,0.38197967410087585,0,0,0.6600949764251709,0,1,0.9778828620910645,-0.024866679683327675,0.2076704055070877,0,-0.07748840004205704,0.8791766166687012,0.4701526165008545,0,-0.19426998496055603,-0.4758460223674774,0.8578044772148132,0,0,0.32871800661087036,0,1,-0.9833369255065918,-0.014691886492073536,-0.18119598925113678,0,0.01895776391029358,-0.9995819330215454,-0.021833404898643494,0,-0.18079954385757446,-0.024904675781726837,0.9832048416137695,0,-0.13043799996376038,-0.09577500075101852,-0.031863998621702194,1,0.9864969253540039,0.008137494325637817,-0.1635771542787552,0,-0.03819217160344124,0.9826593399047852,-0.18144387006759644,0,0.15926413238048553,0.1852412074804306,0.9697012305259705,0,0,0.7014639973640442,0,1,0.9701514840126038,0.04205654561519623,-0.23882648348808289,0,0.21433593332767487,0.31196263432502747,0.9256026148796082,0,0.11343249678611755,-0.9491630792617798,0.2936365306377411,0,0,0.6606119871139526,0,1,0.9735291004180908,0.037832342088222504,-0.22540877759456635,0,0.08291264623403549,0.8605735301971436,0.5025331974029541,0,0.212992861866951,-0.50791996717453,0.8346566557884216,0,0,0.3293890058994293,0,1
K0.067,-0.993948221206665,-0.056627705693244934,-0.09412776678800583,0,-0.06235590577125549,0.9963040947914124,0.05907011777162552,0,0.09043490886688232,0.06458210200071335,-0.9938061833381653,0,0.00005594449248746969,1.5916242599487305,-0.03400547429919243,1,0.998669445514679,0.04590892419219017,-0.0234836433082819,0,-0.046880435198545456,0.9979898929595947,-0.04264324530959129,0,0.021478725597262383,0.04368741437792778,0.9988139271736145,0,0,0.17263300716876984,-0.017503000795841217,1,0.9996200799942017,0.027479369193315506,-0.002310503739863634,0,-0.027427636086940765,0.9994231462478638,0.020040102303028107,0,0.002859857166185975,-0.019969094544649124,0.9997960329055786,0,0,0.20243699848651886,0,1,0.9996160864830017,0.027579570189118385,-0.0026996785309165716,0,-0.02752147801220417,0.9994290471076965,0.01959902048110962,0,0.003238668665289879,-0.019517190754413605,0.9998040199279785,0,0,0.23135699331760406,0,1,0.999966025352478,0.007669641170650721,0.0029060393571853638,0,-0.00809316337108612,0.9801768660545349,0.1979614645242691,0,-0.00133013934828341,-0.19797833263874054,0.9802060127258301,0,0,0.2602759897708893,0,1,0.9997100234031677,-0.004788675345480442,-0.023590585216879845,0,0.00164936319924891,0.9913361668586731,-0.13133637607097626,0,0.024015141651034355,0.13125945627689362,0.9910570979118347,0,0,0.1511559933423996,0.0019759999122470617,1,0.24336154758930206,0.024951431900262833,-0.9696143269538879,0,0.8593422770500183,-0.469119668006897,0.2036125808954239,0,-0.4497847259044647,-0.8827821612358093,-0.1356075257062912,0,0.12603799998760223,0.22824600338935852,-0.004809999838471413,1,0.9466304779052734,0.25202736258506775,-0.2009316086769104,0,0.04372776672244072,0.5172080993652344,0.8547418117523193,0,0.3193418085575104,-0.81791090965271,0.4785844087600708,0,0,0.2591420114040375,0,1,0.9993231296539307,0.024830268695950508,0.02714836224913597,0,-0.024903802201151848,0.999687135219574,0.0023737687151879072,0,-0.02708093449473381,-0.003048259997740388,0.9996290802955627,0,0,0.42149999737739563,0,1,0.840305745601654,0.023419953882694244,0.5416073203086853,0,-0.08247653394937515,0.9929592609405518,0.08502552658319473,0,-0.53580242395401,-0.11611727625131607,0.8363205790519714,0,0,0.35838401317596436,0,1,0.7103962898254395,-0.09303699433803558,0.6976257562637329,0,-0.0010239864932373166,0.9910860061645508,0.1332162767648697,0,-0.7038013339042664,-0.0953507274389267,0.7039687037467957,0,0,0.028882000595331192,0,1,0.9981750845909119,-0.0602889209985733,0.003347940742969513,0,0.05979708209633827,0.9946860671043396,0.08381158113479614,0,-0.008383058942854404,-0.08345843106508255,0.9964759349822998,0,0,0.014773000031709671,0,1,0.7028570771217346,-0.6836409568786621,-0.19653595983982086,0,0.6071280837059021,0.43257421255111694,0.6665387749671936,0,-0.3706569969654083,-0.5878042578697205,0.7190958261489868,0,0.004189999774098396,0.02102000080049038,0.0016820000018924475,1,0.22738517820835114,-0.024557344615459442,0.9734950661659241,0,-0.8436121940612793,-0.5043237209320068,0.18432565033435822,0,0.4864301383495331,-0.8631653189659119,-0.1353927105665207,0,-0.12603799998760223,0.22793200612068176,-0.0017170000355690718,1,0.8783988952636719,-0.3290351629257202,0.3466276526451111,0,-0.06226138025522232,0.6403093338012695,0.7655897736549377,0,-0.47385498881340027,-0.6940748691558838,0.5419609546661377,0,0,0.2591420114040375,0,1,0.9930455684661865,-0.11515989154577255,-0.0244792141020298,0,0.11544616520404816,0.9932565093040466,0.010620398446917534,0,0.02309110015630722,-0.013372575864195824,0.9996440410614014,0,0,0.4207189977169037,0,1,0.7330451011657715,0.059991784393787384,-0.6775291562080383,0,0.027029937133193016,0.9927466511726379,0.11714744567871094,0,0.6796426177024841,-0.10418792068958282,0.7261064648628235,0,0,0.3589490056037903,0,1,0.9991390705108643,0.040860701352357864,-0.007155994419008493,0,-0.039779286831617355,0.9926750063896179,0.11408092081546783,0,0.011765005066990852,-0.1136980652809143,0.9934459328651428,0,0,0.05530700087547302,0,1,0.9550560116767883,0.2868240177631378,0.0748327448964119,0,-0.27861297130584717,0.782397985458374,0.5569819808006287,0,0.10120674967765808,-0.5527979135513306,0.827146053314209,0,0,0.008616999723017216,0,1,0.9922040700912476,0.10507072508335114,0.06701860576868057,0,-0.12355627119541168,0.7590818405151367,0.6391621828079224,0,0.016284622251987457,-0.6424598693847656,0.7661461234092712,0,0.0017600000137463212,0.013079999946057796,-0.00483600003644824,1,-0.9435166716575623,-0.16793206334114075,0.2856137752532959,0,0.21008992195129395,-0.9698119759559631,0.12380644679069519,0,0.2562004625797272,0.17681792378425598,0.9503141641616821,0,0.13043799996376038,-0.09577500075101852,-0.04069799929857254,1,0.9996097087860107,-0.006861974485218525,0.027063991874456406,0,0.013846424408257008,0.9635670781135559,-0.2671094536781311,0,-0.024245072156190872,0.26737990975379944,0.9632859230041504,0,0,0.70135498046875,0,1,0.9701547026634216,-0.08915511518716812,0.22550098598003387,0,-0.17067232728004456,0.40953776240348816,0.8961865305900574,0,-0.17225073277950287,-0.9079260230064392,0.382098525762558,0,0,0.6600949764251709,0,1,0.977877140045166,-0.024908438324928284,0.2076946198940277,0,-0.07748999446630478,0.8791128993034363,0.4702723026275635,0,-0.19430068135261536,-0.4759625792503357,0.8577338457107544,0,0,0.32871800661087036,0,1,-0.9833298921585083,-0.014638022519648075,-0.18123987317085266,0,0.01896097883582115,-0.9995747804641724,-0.02214246802031994,0,-0.18083873391151428,-0.02520984411239624,0.9831896424293518,0,-0.13043799996376038,-0.09577500075101852,-0.031863998621702194,1,0.9864917397499084,0.008344779722392559,-0.16359907388687134,0,-0.03823206573724747,0.9828491806983948,-0.1804041713476181,0,0.1592877358198166,0.18422189354896545,0.9698912501335144,0,0,0.7014639973640442,0,1,0.9702309370040894,0.04187407344579697,-0.23853303492069244,0,0.21405963599681854,0.3123834729194641,0.9255239963531494,0,0.11326932162046432,-0.9490330815315247,0.29412081837654114,0,0,0.6606119871139526,0,1,0.9735372066497803,0.037783585488796234,-0.22538459300994873,0,0.082908995449543,0.8606504797935486,0.5024010539054871,0,0.2129599153995514,-0.5077926516532898,0.8347429037094116,0,0,0.3293890058994293,0,1
K0.101,-0.9938637614250183,-0.05665801465511322,-0.09499764442443848,0,-0.062429096549749374,0.9963091611862183,0.05891859531402588,0,0.09130876511335373,0.06448765099048615,-0.9937320947647095,0,0.000043933509005000815,1.5917164087295532,-0.03425493463873863,1,0.9986963868141174,0.045637890696525574,-0.022877300158143044,0,-0.0465923510491848,0.9979838728904724,-0.043087851256132126,0,0.020864728838205338,0.044097572565078735,0.9988089203834534,0,0,0.17263300716876984,-0.017503000795841217,1,0.9996230602264404,0.027366772294044495,-0.0020699212327599525,0,-0.02732026018202305,0.9994290471076965,0.019897274672985077,0,0.002613263903185725,-0.01983322761952877,0.9998001456260681,0,0,0.20243699848651886,0,1,0.9996201395988464,0.027468517422676086,-0.0024585649371147156,0,-0.027415579184889793,0.9994351267814636,0.019456639885902405,0,0.0029916197527199984,-0.01938183791935444,0.9998080134391785,0,0,0.23135699331760406,0,1,0.9999650120735168,0.007812445983290672,0.00288979965262115,0,-0.008229958824813366,0.9801690578460693,0.19799071550369263,0,-0.0012857004767283797,-0.19800756871700287,0.9801990389823914,0,0,0.2602759897708893,0,1,0.9997100830078125,-0.004893839359283447,-0.023573052138090134,0,0.001758557977154851,0.9913503527641296,-0.13122870028018951,0,0.024011362344026566,0.13114917278289795,0.991071343421936,0,0,0.1511559933423996,0.0019759999122470617,1,0.2438591569662094,0.024913787841796875,-0.9694910049438477,0,0.8595868349075317,-0.46842509508132935,0.2041771560907364,0,-0.4490470588207245,-0.8831522464752197,-0.13564538955688477,0,0.12603799998760223,0.22824600338935852,-0.004809999838471413,1,0.9462280869483948,0.2524704933166504,-0.20226728916168213,0,0.04486969858407974,0.5167745351791382,0.8549442887306213,0,0.32037466764450073,-0.8180475831031799,0.4776580333709717,0,0,0.2591420114040375,0,1,0.9993311166763306,0.024504272267222404,0.027157984673976898,0,-0.024576855823397636,0.9996950626373291,0.0023425726685673,0,-0.027092283591628075,-0.0030084617901593447,0.9996280074119568,0,0,0.42149999737739563,0,1,0.8404980301856995,0.02260788343846798,0.5413429737091064,0,-0.0817832350730896,0.9929757118225098,0.08550877124071121,0,-0.5356067419052124,-0.1161426231265068,0.8364422917366028,0,0,0.35838401317596436,0,1,0.7103960514068604,-0.09303691983222961,0.697624921798706,0,-0.0010239253751933575,0.9910860061645508,0.1332162618637085,0,-0.7038010358810425,-0.0953507125377655,0.7039690017700195,0,0,0.028882000595331192,0,1,0.9981750249862671,-0.0602889209985733,0.0033479256089776754,0,0.05979708209633827,0.9946860671043396,0.08381206542253494,0,-0.008383074775338173,-0.08345891535282135,0.9964759349822998,0,0,0.014773000031709671,0,1,0.7028570771217346,-0.6836409568786621,-0.19653595983982086,0,0.6071280837059021,0.43257421255111694,0.6665387749671936,0,-0.3706569969654083,-0.5878042578697205,0.7190958261489868,0,0.004189999774098396,0.02102000080049038,0.0016820000018924475,1,0.22769488394260406,-0.024576161056756973,0.9734229445457458,0,-0.8440681099891663,-0.5034127235412598,0.1847275346517563,0,0.48549333214759827,-0.863696277141571,-0.13536836206912994,0,-0.12603799998760223,0.22793200612068176,-0.0017170000355690718,1,0.8781711459159851,-0.3291889429092407,0.34705817699432373,0,-0.06220436096191406,0.6407886147499084,0.7651933431625366,0,-0.47428399324417114,-0.6935590505599976,0.5422449707984924,0,0,0.2591420114040375,0,1,0.9930872917175293,-0.11480003595352173,-0.024486297741532326,0,0.11508557200431824,0.9932991862297058,0.010586910881102085,0,0.023106828331947327,-0.01333173830062151,0.9996439814567566,0,0,0.4207189977169037,0,1,0.7336181402206421,0.0601298063993454,-0.6768965125083923,0,0.026966938748955727,0.9927166700363159,0.1174112930893898,0,0.6790264844894409,-0.10438890755176544,0.7266535758972168,0,0,0.3589490056037903,0,1,0.9991390109062195,0.04086020588874817,-0.007156031671911478,0,-0.03977878764271736,0.9926749467849731,0.11408041417598724,0,0.011764966882765293,-0.11369757354259491,0.9934459924697876,0,0,0.05530700087547302,0,1,0.9550560116767883,0.28682413697242737,0.07483292371034622,0,-0.27861288189888,0.7823969125747681,0.5569822192192078,0,0.10120692849159241,-0.5527988076210022,0.827146053314209,0,0,0.008616999723017216,0,1,0.9922040700912476,0.10507090389728546,0.06701814383268356,0,-0.12355610728263855,0.7590818405151367,0.6391621828079224,0,0.01628509722650051,-0.6424598097801208,0.7661461234092712,0,0.0017600000137463212,0.013079999946057796,-0.00483600003644824,1,-0.9435007572174072,-0.1680816411972046,0.2855779826641083,0,0.2100893259048462,-0.9698810577392578,0.12325964123010635,0,0.2562589943408966,0.17629246413707733,0.9503956437110901,0,0.13043799996376038,-0.09577500075101852,-0.04069799929857254,1,0.9995883107185364,-0.006694252137094736,0.02791251800954342,0,0.013896756805479527,0.9637256860733032,-0.26653316617012024,0,-0.02511577121913433,0.266811341047287,0.9634219408035278,0,0,0.70135498046875,0,1,0.9701277017593384,-0.08940424025058746,0.22551894187927246,0,-0.1705722212791443,0.4096422493457794,0.8961579203605652,0,-0.17250235378742218,-0.9078546762466431,0.38215529918670654,0,0,0.6600949764251709,0,1,0.9778831005096436,-0.02486630529165268,0.2076703906059265,0,-0.07748857140541077,0.8791771531105042,0.47015202045440674,0,-0.19426988065242767,-0.4758455157279968,0.8578051328659058,0,0,0.32871800661087036,0,1,-0.9833191633224487,-0.01456363033503294,-0.18130318820476532,0,0.019036686047911644,-0.9995547533035278,-0.02295597456395626,0,-0.18088819086551666,-0.02602447010576725,0.9831588864326477,0,-0.13043799996376038,-0.09577500075101852,-0.031863998621702194,1,0.9864777326583862,0.008691991679370403,-0.16366547346115112,0,-0.038311365991830826,0.9831568002700806,-0.17870426177978516,0,0.15935546159744263,0.18255795538425446,0.9701948761940002,0,0,0.7014639973640442,0,1,0.9704414010047913,0.0414838008582592,-0.2377462387084961,0,0.21333999931812286,0.3130947947502136,0.9254504442214966,0,0.11282819509506226,-0.9488152265548706,0.2949897348880768,0,0,0.6606119871139526,0,1,0.973542332649231,0.03775026649236679,-0.225367933511734,0,0.08290676772594452,0.860702395439148,0.5023118853569031,0,0.21293720602989197,-0.5077066421508789,0.8348008394241333,0,0,0.3293890058994293,0,1
K0.134,-0.9937393665313721,-0.05669556185603142,-0.09626751393079758,0,-0.06252669543027878,0.9963171482086182,0.058674972504377365,0,0.09258638322353363,0.0643269345164299,-0.993624746799469,0,0.000048866622819332406,1.5917860269546509,-0.03449331969022751,1,0.9987175464630127,0.045432232320308685,-0.022342504933476448,0,-0.04637070745229721,0.997978925704956,-0.043452173471450806,0,0.020323224365711212,0.044432494789361954,0.9988059997558594,0,0,0.17263300716876984,-0.017503000795841217,1,0.9996260404586792,0.027267958968877792,-0.0018562976038083434,0,-0.027225954458117485,0.9994330406188965,0.019785376265645027,0,0.002394752809777856,-0.019727444276213646,0.9998020529747009,0,0,0.20243699848651886,0,1,0.9996230602264404,0.02737121470272541,-0.0022448899690061808,0,-0.027322735637426376,0.9994391202926636,0.019344257190823555,0,0.002773106098175049,-0.019275624305009842,0.999809980392456,0,0,0.23135699331760406,0,1,0.9999639987945557,0.007945026271045208,0.0028670441824942827,0,-0.008355383761227131,0.9801729917526245,0.19796790182590485,0,-0.0012373392237350345,-0.1979846954345703,0.9802040457725525,0,0,0.2602759897708893,0,1,0.9997113347053528,-0.004774776753038168,-0.023528292775154114,0,0.0016406826907768846,0.9913199543952942,-0.1314639449119568,0,0.023951765149831772,0.13138732314109802,0.9910411834716797,0,0,0.1511559933423996,0.0019759999122470617,1,0.244079127907753,0.024915628135204315,-0.969434916973114,0,0.8598162531852722,-0.46788185834884644,0.20445479452610016,0,-0.44848695397377014,-0.8834391236305237,-0.13562308251857758,0,0.12603799998760223,0.22824600338935852,-0.004809999838471413,1,0.9459319710731506,0.2526588439941406,-0.20341157913208008,0,0.045948419719934464,0.5164076685905457,0.8551088571548462,0,0.32109424471855164,-0.8182216286659241,0.47687748074531555,0,0,0.2591420114040375,0,1,0.9993361234664917,0.02428710274398327,0.02716396003961563,0,-0.02435906045138836,0.9997001886367798,0.002321782521903515,0,-0.027099423110485077,-0.0029819293413311243,0.9996280074119568,0,0,0.42149999737739563,0,1,0.8406461477279663,0.021821707487106323,0.5411456227302551,0,-0.08125394582748413,0.9929604530334473,0.08618331700563431,0,-0.5354549884796143,-0.11641977727413177,0.8365005850791931,0,0,0.35838401317596436,0,1,0.7103962898254395,-0.09303676337003708,0.6976257562637329,0,-0.0010237526148557663,0.991087019443512,0.13321581482887268,0,-0.7038012146949768,-0.09535013884305954,0.7039687633514404,0,0,0.028882000595331192,0,1,0.9981750845909119,-0.0602889209985733,0.0033479405101388693,0,0.05979708209633827,0.9946860671043396,0.08381158858537674,0,-0.008383058942854404,-0.08345843851566315,0.9964759349822998,0,0,0.014773000031709671,0,1,0.7028568983078003,-0.683641254901886,-0.19653554260730743,0,0.6071280241012573,0.43257418274879456,0.6665389537811279,0,-0.3706575632095337,-0.5878042578697205,0.7190960645675659,0,0.004189999774098396,0.02102000080049038,0.0016820000018924475,1,0.22747468948364258,-0.024660082533955574,0.9734717011451721,0,-0.8443767428398132,-0.5029540061950684,0.18456773459911346,0,0.4850599467754364,-0.8639611601829529,-0.13523170351982117,0,-0.12603799998760223,0.22793200612068176,-0.0017170000355690718,1,0.8779685497283936,-0.32941126823425293,0.3473603129386902,0,-0.06199468672275543,0.6412579417228699,0.7648167610168457,0,-0.4746868908405304,-0.6930197477340698,0.5425826907157898,0,0,0.2591420114040375,0,1,0.993095874786377,-0.11472020298242569,-0.024488218128681183,0,0.11500568687915802,0.9933088421821594,0.010579518042504787,0,0.02311067283153534,-0.013322754763066769,0.9996440410614014,0,0,0.4207189977169037,0,1,0.7338619232177734,0.06006605550646782,-0.6766369938850403,0,0.027100520208477974,0.9927011132240295,0.11751602590084076,0,0.6787576675415039,-0.10457784682512283,0.7268784046173096,0,0,0.3589490056037903,0,1,0.9991390109062195,0.04086022078990936,-0.007156031206250191,0,-0.039778802543878555,0.9926749467849731,0.11408039927482605,0,0.011764967814087868,-0.11369755864143372,0.9934459924697876,0,0,0.05530700087547302,0,1,0.9550560116767883,0.28682413697242737,0.07483292371034622,0,-0.27861288189888,0.7823969125747681,0.5569822192192078,0,0.10120692849159241,-0.5527988076210022,0.827146053314209,0,0,0.008616999723017216,0,1,0.9922040700912476,0.10507052391767502,0.06701911240816116,0,-0.12355644255876541,0.7590818405151367,0.6391621232032776,0,0.016284111887216568,-0.6424598693847656,0.7661461234092712,0,0.0017600000137463212,0.013079999946057796,-0.00483600003644824,1,-0.9434354901313782,-0.1682596206665039,0.28568774461746216,0,0.2101566046476364,-0.9699313044548035,0.12275266647338867,0,0.25644317269325256,0.17584839463233948,0.9504286050796509,0,0.13043799996376038,-0.09577500075101852,-0.04069799929857254,1,0.9995500445365906,-0.006458215415477753,0.029304105788469315,0,0.01402819063514471,0.9638504385948181,-0.2660761773586273,0,-0.026526369154453278,0.26636725664138794,0.9635063409805298,0,0,0.70135498046875,0,1,0.9701148271560669,-0.08955642580986023,0.22551512718200684,0,-0.1705288589000702,0.4095397889614105,0.896212637424469,0,-0.17261908948421478,-0.9078863263130188,0.38202881813049316,0,0,0.6600949764251709,0,1,0.9778920412063599,-0.024803191423416138,0.20763470232486725,0,-0.07748676836490631,0.8792740106582642,0.46997198462486267,0,-0.194224551320076,-0.47567063570022583,0.8579128980636597,0,0,0.32871800661087036,0,1,-0.9833264350891113,-0.014549927785992622,-0.1812664419412613,0,0.01911109872162342,-0.9995429515838623,-0.023441575467586517,0,-0.18084239959716797,-0.026514900848269463,0.9831544160842896,0,-0.13043799996376038,-0.09577500075101852,-0.031863998621702194,1,0.9864649176597595,0.008921990171074867,-0.16373102366924286,0,-0.03833991289138794,0.9833906888961792,-0.1774078756570816,0,0.15942861139774323,0.18128396570682526,0.9704218506813049,0,0,0.7014639973640442,0,1,0.9707022905349731,0.041143547743558884,-0.23673555254936218,0,0.21240964531898499,0.31366586685180664,0.9254708886146545,0,0.11233305186033249,-0.9486420154571533,0.29573699831962585,0,0,0.6606119871139526,0,1,0.9735541343688965,0.03767320141196251,-0.22532948851585388,0,0.08290184289216995,0.8608229756355286,0.5021064281463623,0,0.21288470923900604,-0.507507860660553,0.8349343538284302,0,0,0.3293890058994293,0,1
